1.000000000000000000e+00,2.503638061330619166e-20,7.832101628172869707e-31,3.149294643662869930e-04,6.621855021137589632e-33,1.423168949847073788e-38,5.361701450917391659e-26,1.457790053856229117e-32,2.492533267811268957e-30,6.903421752262994381e-17,8.627794644847898706e-42,1.215601549868839242e-17,1.499634478681166592e-35,1.496396956431431672e-24,1.509280574867391533e-14,1.264099159108990605e-15,2.136028342647477984e-04,1.110044673367782675e-12,4.977614266000396383e-21,1.236817650255103297e-26,1.509824922108200447e-25,1.074766432765232549e-19,2.077898477510192851e-16,7.202254976054311541e-18,3.239633485918602673e-07,5.422536406738683760e-29,4.628270596758832893e-25,4.892315910143875345e-22,7.964982406007901513e-29,2.100626221005682427e-33,1.255591450004322592e-40,7.285648120087034148e-19,1.438532924349725777e-24,5.495402280995873489e-28,4.177533619316366830e-24,3.521611091628074064e-08,1.385078260342259861e-29,5.245246473123493600e-22,4.068177029935954122e-29,1.273885580355127445e-10,4.439702078196106072e-11,6.059996347912769229e-28,4.109915668426902813e-15,3.820512922983704360e-24,1.199915623221528058e-22,6.232390232823149335e-33,1.485232462461894692e-14,3.438407901369079321e-22,6.970717171829872775e-39,0.000000000000000000e+00,3.952348894741521463e-29,7.330852724862779723e-08,1.644106689695107243e-28,5.955837819474429862e-27,3.453840158142216892e-15,2.183724166187125964e-24,8.147041391124917875e-14,5.332566555122810420e-36,6.380548127856580764e-27,0.000000000000000000e+00,3.024215941690652776e-14,3.034354077300457639e-34,2.417132798877182110e-18,5.249211137687339227e-29,1.437549877844992486e-33,1.772148739792065529e-38,2.366504195379093289e-04,1.352809618477114964e-14,1.626444756652745127e-08,7.084786611060684539e-24,8.390649522892985718e-21,1.439971175802495619e-32,1.662087298609296366e-33,5.658789306179871570e-18,6.488011889823903038e-43,2.261035479023121297e-05,8.035844416554027703e-07,9.132652166074516323e-24,1.730656898060275905e-28,3.318873485038368848e-33,1.858952079007995168e-25,2.348972446151778182e-36,2.726800694714304786e-40,1.143910747375409542e-11,1.401471742526010671e-18,6.752316133845495699e-22,5.656606926673987886e-34,1.271790450729781696e-10
2.503638061330619166e-20,1.000000000000000000e+00,8.249676284322049469e-06,3.981038589062624311e-14,1.637899686102173291e-06,9.372016924743324530e-22,1.289856138564360322e-10,1.529995852234122822e-10,1.377471026131615872e-08,2.210056700278073549e-04,1.848870015419556978e-11,1.168255536754259083e-08,2.184294967122468734e-09,8.401423838222399354e-05,2.723541466795351780e-17,4.243138675974478247e-07,1.231790141891994650e-13,8.992735028856557733e-11,3.107677230218541808e-06,1.216103069474230142e-16,8.200337475727792480e-08,1.078841705748345703e-05,1.079900006119616137e-18,1.018650337414328533e-07,8.387747441052084696e-11,5.166699512670902550e-09,1.266073411483452004e-22,4.514128086157143116e-04,5.803282838314771652e-04,2.304634563188301399e-07,1.435127082276277388e-12,6.432761542374037991e-16,2.434615009594409685e-13,9.056957267494780695e-11,3.295305001094206432e-12,1.175912123750622040e-12,3.039831941720194664e-09,4.960643441159762190e-12,2.064604632323607802e-05,8.561031454600888380e-15,2.184629492686236506e-19,6.181777507663355209e-07,4.317110904872301091e-13,1.250865306923502548e-14,3.342224413893646329e-11,2.599218312370615847e-13,2.271177468315954684e-09,1.110281886622860455e-23,3.578308316320999438e-09,1.096411217756572604e-35,6.108950856287265196e-08,2.423089998640961665e-31,8.232539403252303600e-05,1.404892600476159714e-06,8.245138815254904330e-06,2.519013372458828171e-13,2.188012331316713244e-07,1.468320941450194234e-14,3.977701279467282802e-09,1.291659546964443763e-23,2.335781866996721259e-15,2.843835833488128628e-09,5.087061505527613837e-17,4.757445780944095318e-16,1.767411431730855050e-36,3.094782772687110770e-17,2.658166221858326850e-11,7.166883833089037620e-15,7.871390324869894983e-18,5.042021054141310188e-12,1.070487206613307599e-25,6.364318252093104089e-13,3.276633435689291218e-07,2.320442726855276305e-09,1.458345372722706642e-18,1.653343773000415240e-08,7.311386906085420180e-23,2.913807520599220879e-06,8.165389339725329738e-20,2.869364641722160769e-11,3.932714003507306380e-18,1.264112703402986426e-09,8.742574861515600097e-16,4.709919909259742233e-23,1.490627621336670927e-10,6.992722424188765537e-15,1.430626027286052704e-03,5.185136919979259351e-14
7.832101628172869707e-31,8.249676284322049469e-06,1.000000000000000000e+00,1.395060948022117510e-17,3.194343589711934328e-04,8.797382446005044820e-14,2.527638415998161163e-20,1.294830980214101146e-07,4.608884773915633559e-05,1.371483222128988544e-12,3.554413962198083785e-19,9.487497593108074057e-12,1.179133353457206823e-11,7.521932944655418396e-03,2.047619828972709792e-16,1.319456146120501217e-06,2.537209669147740044e-22,1.041608743701516460e-10,6.625791495323829494e-12,9.548490470523418594e-13,2.521423622965812683e-03,2.547759114790437707e-09,3.946271245592866737e-17,5.599830529021219278e-15,1.343926441671921642e-18,1.066378558789438102e-07,1.613319434786930303e-16,1.769313821569085121e-04,3.633238156908191741e-05,7.715521752834320068e-02,2.971109935856475204e-08,2.420252854466037329e-13,1.280618579929670986e-11,4.863537014898611233e-06,3.506143172085749056e-15,1.450635687522194432e-22,1.172450629383092746e-05,8.548476593261966627e-09,2.335852235555648804e-01,2.105340256628679427e-21,3.844427775958602907e-18,2.470284528044430772e-07,1.613242981584839324e-19,8.142390023040786790e-23,7.136605750801550130e-10,7.439234650519210845e-06,1.033715751885821987e-10,5.465406679879008857e-19,2.656159871764180305e-18,3.082856621514597556e-43,2.733731019333163204e-10,7.039662457573118100e-39,1.168821654573548585e-06,2.636104123666882515e-03,2.803354703928562230e-08,4.737666964467479591e-13,2.714335700648717875e-10,1.561088538437616080e-07,1.104362490877974778e-05,1.027267319323711336e-28,4.914118884394212087e-17,2.669824810449389352e-13,3.893222564723064971e-16,6.521040651907838992e-12,0.000000000000000000e+00,3.855629714307737430e-20,2.474394480178742020e-20,1.176074669373200141e-14,8.445106623286084012e-22,1.468160082396252619e-08,9.249948781540346942e-28,1.037584638652333524e-06,2.307050017691381072e-08,4.769219685840653256e-07,2.753017551615311389e-18,2.296764903644051697e-14,3.275348558566227705e-30,5.016941949725151062e-02,6.129874207138924936e-17,1.133616251536295749e-06,3.117585399906031007e-14,4.432332972870156595e-11,2.192823274071997730e-07,3.859660868014212205e-28,4.908740636189179440e-10,1.997211458987340537e-18,1.264137505785356552e-08,1.937826888954015348e-16
3.149294643662869930e-04,3.981038589062624311e-14,1.395060948022117510e-17,1.000000000000000000e+00,2.117932756673349482e-19,6.224680017174562932e-22,1.767475275400500876e-25,8.001073788450792133e-20,4.010773797143016772e-16,6.625930706882776633e-12,1.011754760620584510e-34,3.246933754849634646e-12,4.667680346543004916e-27,2.312191575899215368e-15,1.201096555547565004e-08,3.168336434100638144e-06,7.437497515638824552e-06,5.560357385547831655e-05,1.255119275791203096e-14,1.922220486895356156e-14,1.167753502402668619e-13,7.461938442902653346e-15,5.365241237398343799e-11,1.168189069783442946e-11,6.552772902068682015e-06,4.393385000407289178e-20,2.677808495776812236e-11,2.173919376490581618e-14,1.453136616405460227e-18,1.419149936384764271e-18,7.703823907188432586e-24,9.788462401738584617e-11,3.625843115334648203e-13,3.032786221050971787e-15,7.172722973824943347e-19,3.042448071255421382e-09,6.275457994948257807e-16,4.625230753951825591e-12,7.016363007867514653e-17,1.094879187313324564e-09,8.372077718377113342e-04,1.716482876849699862e-19,2.508470320350397742e-09,6.942754476995048400e-22,2.004701743149595039e-12,4.510225451002534882e-16,6.724366357957478613e-06,6.869319002511531380e-11,8.591902003195155199e-33,0.000000000000000000e+00,1.516846203247023351e-23,1.853859427081161471e-11,2.853124190117397628e-18,1.183851495914134606e-16,2.305958020087928162e-07,5.578084228649885998e-15,5.998108463245444000e-07,2.586732586699861594e-19,7.487429052417324260e-15,2.480298281854926216e-43,1.548641037629749917e-08,2.122796691387607422e-24,1.167262467238749934e-11,2.528423787800628464e-17,1.689081938628754788e-30,8.038799232249256745e-27,9.308311564382165670e-05,3.007483428518753499e-06,1.159576117061078548e-03,3.278764250120441703e-13,2.527623242403799643e-17,3.756669832477985253e-21,1.303083104841821652e-21,4.924591401334055263e-09,3.296661471091269097e-28,3.761395113542675972e-03,3.120008500445692334e-07,1.010023575193086387e-11,5.507321262454391900e-21,1.021240327544295669e-17,2.254389600345185762e-12,4.753897585694913330e-28,4.501099907949964022e-23,3.314246880409266183e-12,9.586579793885441347e-12,5.592529528532360836e-15,4.942260409825886458e-25,1.222276296175550669e-06
6.621855021137589632e-33,1.637899686102173291e-06,3.194343589711934328e-04,2.117932756673349482e-19,1.000000000000000000e+00,1.308075262690389096e-11,9.873151535720218595e-20,1.731928088702261448e-03,4.748819264932535589e-05,1.856710873937572615e-08,2.167249990581154862e-10,7.245913701133758350e-16,3.973172024674884173e-14,6.234785132619435899e-07,1.551770634310306260e-21,2.749226268861093558e-07,1.808021624296932693e-27,2.154152676820276363e-14,8.665938189267308189e-09,3.491562452810831937e-18,4.348059883341193199e-05,1.301359908723043191e-09,2.970948283637417323e-25,3.064896426929752948e-12,8.600194243774414507e-19,2.822486955267322628e-08,2.389196018760461615e-14,3.595770294850808568e-06,5.302684009075164795e-02,1.332330424338579178e-02,6.257837172597646713e-03,4.911321814511894651e-19,2.457400114508345723e-06,5.756805308010370936e-07,3.199947868789142539e-17,5.844436746739304742e-25,1.156856194138526917e-01,3.408276807483068271e-13,4.084661213710205629e-06,8.612076161727427898e-27,8.851475759945077125e-22,6.206038880360439589e-16,3.416540479974722539e-18,9.158663554036280737e-27,1.151895679535330785e-11,2.938758007076103240e-05,9.988593285825686507e-10,4.322347876468100225e-22,7.753787368846240241e-19,1.175637563525341504e-39,6.723539602778155574e-19,0.000000000000000000e+00,6.628551432186213788e-07,9.331633350484480616e-07,1.502777347006656328e-10,3.831477215499035083e-07,2.777269525466863342e-09,1.295388119615381584e-05,8.797922637313604355e-04,7.350300556764178791e-19,9.302330893705990111e-18,2.665485044417437166e-05,6.933937157776339689e-23,9.363693089133040548e-14,7.688085702683006988e-32,3.510388114200258511e-21,1.586117511905884279e-21,1.146518809931476937e-15,3.265991432698098932e-22,1.418181249653949552e-14,8.195886037926788441e-33,8.710240168019467433e-11,2.237848966615274549e-04,7.407394697622748936e-09,1.433788532345658950e-09,1.638338961634029818e-15,1.331938396047730255e-32,1.954082632437348366e-03,1.222800038785073015e-26,9.723753901198506355e-04,1.175366803884969613e-09,1.762933271587385775e-10,1.479194816056406125e-05,8.372716227092836138e-35,1.491917246481625631e-16,8.740669963826563980e-17,2.556194589331539646e-09,5.186632467034889564e-21
1.423168949847073788e-38,9.372016924743324530e-22,8.797382446005044820e-14,6.224680017174562932e-22,1.308075262690389096e-11,1.000000000000000000e+00,0.000000000000000000e+00,5.586362927800792022e-09,7.362587872705717018e-09,4.205674754817251195e-17,5.514885725583351603e-30,9.177780707452214831e-15,7.202674106629559745e-43,1.522181317511776091e-20,5.607654572355007250e-15,1.053967399466948507e-10,1.533965867003851241e-30,4.557495077536126774e-15,4.478138135995799800e-21,3.846144526454230161e-14,7.421473355861962773e-07,6.297725821714140951e-27,1.365823179106513256e-20,6.130863377180397123e-22,8.715058094597176467e-19,2.207775656086832794e-13,1.097919639455716313e-17,2.167305293355564388e-20,1.873767573863295728e-18,9.623270180725285172e-09,4.523337867462506878e-12,5.180128244755555222e-13,3.900733767025696408e-14,1.910389346715390957e-10,1.563031494753578200e-25,1.067180646825267151e-25,1.430219498388396460e-08,3.795478775714400399e-08,1.576385370979579981e-13,1.785066405200766964e-24,5.950048698846530697e-19,1.854912433245923163e-27,7.255622286896068734e-16,0.000000000000000000e+00,2.164588563830977753e-26,4.560163446853948699e-08,1.193637721996765322e-08,1.042699845059001304e-14,4.705161958544849707e-30,8.706606870077278254e-29,4.980352761898339393e-27,1.558025289768761911e-39,3.492863032765358183e-21,8.949439279926085788e-12,6.352757268802619595e-14,4.232848948193708438e-14,1.955216655247227209e-09,2.278501609609406842e-09,1.879623956480003244e-10,1.475567282934032376e-42,1.615940454363640200e-12,1.591515020014481498e-17,1.794870053062222257e-18,4.932406591251492500e-04,7.209470292077657961e-37,1.684561460023395679e-19,2.862261493306395132e-24,4.586797261452169039e-11,1.415802750036068445e-18,1.987718600826582360e-10,4.882993467510335516e-22,1.262246557276469616e-11,3.965439088204902873e-12,1.392273700909574142e-19,1.234235491587298839e-10,6.884713418688640211e-20,5.202488751311985421e-27,1.115576468008194766e-11,2.973881030720352211e-20,5.028688576658169040e-09,1.808694253396803120e-12,2.420469754024504179e-28,1.677275518886744976e-03,4.600627747378202229e-28,1.982308157140628968e-14,5.513377856281285294e-20,1.409997501965996872e-26,1.254179185686781070e-17
5.361701450917391659e-26,1.289856138564360322e-10,2.527638415998161163e-20,1.767475275400500876e-25,9.873151535720218595e-20,0.000000000000000000e+00,1.000000000000000000e+00,3.454374140900189892e-26,2.153645064336438238e-31,2.904462534450041876e-18,3.704567628001883758e-15,3.028188281291146709e-28,3.338451293188882119e-08,9.347383977953427348e-14,9.510141894898381352e-35,9.238466418026789352e-25,5.259343543717537917e-25,5.085735411409331286e-27,6.145066145388580758e-14,4.789918410755089712e-41,8.841439626961974795e-25,2.607237536977891068e-09,2.631308977238410155e-34,5.502910709578865014e-21,4.046236448416093423e-26,5.937612145369443547e-23,3.983270478596066174e-37,2.094504604477354093e-11,3.167251400384984983e-12,9.874289047192023512e-26,1.868219212862429282e-28,2.816731559452050964e-35,3.135254451648145595e-25,4.962821668606673077e-30,1.862841551947235924e-18,7.050911956203290232e-27,1.979087612586870561e-23,1.438087391004005208e-33,8.189957704536889625e-23,9.362607968282476923e-32,4.487134573717890454e-35,2.165301108606594454e-24,3.766297818851995621e-36,8.240909937034686101e-17,8.477448153351717801e-22,4.398854144410545280e-34,3.066559847464699613e-29,1.821688003622262192e-44,4.733984233671079605e-31,0.000000000000000000e+00,2.694873689473227552e-24,9.809089250273719496e-44,1.112772716193273248e-20,6.321911200576210819e-21,3.424174265147275406e-25,2.285191991766857523e-23,7.540274207482004687e-25,1.539877510562412075e-35,2.803595248848647359e-23,1.575402796670034127e-20,4.400570953909921231e-32,5.310911054945182804e-19,5.215582338820841556e-35,2.143986650416970119e-43,0.000000000000000000e+00,0.000000000000000000e+00,7.222372630401186429e-24,3.920698858339540338e-34,5.696227227795504541e-36,2.174858264520940152e-35,2.802596928649634142e-45,9.612692510628957275e-30,3.561987017286782206e-27,6.010712470609944641e-18,1.741382391228735576e-39,1.098187108306785335e-18,1.354722554383097385e-37,6.032070894411523230e-19,8.236271853915544816e-41,2.423866530209114868e-31,1.358518017684726291e-34,2.383023813001816649e-11,2.563952997578189145e-39,1.870177835032526000e-38,2.160707575455500640e-29,6.049467674092793088e-27,6.721389243378247410e-18,3.250801603413712500e-30
1.457790053856229117e-32,1.529995852234122822e-10,1.294830980214101146e-07,8.001073788450792133e-20,1.731928088702261448e-03,5.586362927800792022e-09,3.454374140900189892e-26,1.000000000000000000e+00,4.640633505914593115e-06,1.965415608040643747e-10,1.236372319086097293e-14,6.254424446332259419e-17,1.865957287105874194e-25,2.668889464985113591e-08,9.489367115697533234e-22,4.594743927555100527e-07,1.817036902366609344e-28,1.383754981371196786e-18,1.070476427091722124e-15,1.478100412418574982e-24,3.005678263434674591e-05,9.635042985678410332e-09,5.952680835109590305e-27,8.642813432366502144e-20,4.685455391965768265e-17,2.320517232874408364e-04,3.981325055605385715e-15,1.931672159116715193e-06,6.541625043610110879e-05,2.316998870810493827e-04,1.773197055854325299e-08,7.645808116412362988e-21,1.668954500928521156e-04,5.267732194624841213e-04,7.576983751098851319e-24,1.423982680775763673e-24,1.900677010416984558e-02,6.102690103476984818e-14,1.507495639430089795e-08,3.708388700532316765e-28,6.763158948101667984e-25,4.349279148534593541e-20,1.020133011231309048e-20,3.954335724697236100e-31,3.147903758406872532e-14,7.698246662357632886e-08,5.050454846000640430e-11,7.414564507558532596e-27,1.244777372973203504e-21,5.791706682900901436e-40,9.585420637052769261e-21,1.121038771459853657e-44,2.214663341604250490e-09,3.321513872833747882e-07,4.688805767261161606e-14,3.890696214511990547e-03,9.708328585489311990e-10,5.514487202162854373e-05,1.146578863263130188e-01,4.094689562106321097e-30,3.679085124857215864e-18,1.548276729046449418e-09,1.062703260297995261e-26,3.941471038437782681e-10,4.348824509693341671e-23,3.002497690857987011e-24,7.094943956308406423e-20,3.276180544528815176e-18,3.084694433384074473e-24,2.793952073152600559e-17,4.902059031426580853e-33,5.117602199788962025e-07,4.824340867344290018e-04,2.721829517327023495e-08,3.607657656770277277e-14,2.236482765222001139e-16,1.305957179095474498e-32,3.392119469936005771e-05,1.295697897923814156e-28,2.438732481095939875e-04,1.104328788414932205e-07,1.733805470932995744e-17,1.564897131174802780e-03,8.431185476814854995e-33,1.261029812801883990e-17,5.328878082638696613e-24,6.894789957134881027e-17,3.143594298998903448e-22
2.492533267811268957e-30,1.377471026131615872e-08,4.608884773915633559e-05,4.010773797143016772e-16,4.748819264932535589e-05,7.362587872705717018e-09,2.153645064336438238e-31,4.640633505914593115e-06,1.000000000000000000e+00,6.720415890448805385e-10,1.099018293959843282e-23,2.207413532561222635e-13,1.428969351392147947e-21,2.598511272822179308e-08,1.333558870066911700e-19,1.939544337801635265e-03,6.017002633554343042e-24,7.150210111495081122e-12,1.029903125401767511e-15,4.029159005134591576e-13,5.028725354350171983e-06,3.987925712312795357e-13,2.182867581573191728e-23,1.328128281180909753e-13,2.717098523916951745e-16,1.479563555006890851e-10,7.484842606819697153e-12,5.774366762523186480e-09,2.533314500396954827e-07,1.213754341006278992e-02,1.924637729189271340e-07,6.481627799543424637e-17,9.725241056912636850e-08,2.908495254814624786e-03,2.223661087678651484e-25,9.926725233068504398e-23,6.181518983794376254e-05,8.480453839165846830e-11,1.988403382711112499e-04,4.749359799077171940e-23,5.804176225003416820e-18,5.958287196961009613e-10,7.419992897016169930e-13,1.118960145441196806e-23,2.591739978186069493e-08,4.743725061416625977e-03,7.432947768393205479e-07,4.511784789854773908e-19,1.957598808464858058e-15,6.051584848880657976e-29,2.149680814020850568e-16,2.432654134067882435e-41,4.350677190814167261e-04,7.921459044268885918e-09,2.978551492560654879e-06,6.431207649759684841e-11,1.390330961470453985e-08,9.139179252088069916e-03,9.217878687195479870e-05,7.336503154647051344e-38,3.678439923979424502e-18,1.044076951224647345e-14,7.083581370437026152e-21,2.866331616502293400e-09,4.274915713860605081e-34,5.223613208649169337e-10,1.850489677450287838e-18,2.089622284885336856e-13,1.529196721589838988e-17,2.817884814376725444e-10,1.715568882638093063e-31,3.485620125864841157e-11,1.347296289168298244e-03,1.645764413638062251e-08,8.620181459373550681e-15,1.580848929679749132e-15,1.012672396510229505e-29,1.352092949673533440e-04,5.249083618784233437e-24,5.617417395114898682e-02,9.612342211084978771e-08,6.700865994518257132e-23,6.158611358841881156e-05,1.360579110194003896e-31,6.586171088758877024e-14,4.473457275197933503e-22,2.085349393166069376e-10,9.256626683320597673e-19
6.903421752262994381e-17,2.210056700278073549e-04,1.371483222128988544e-12,6.625930706882776633e-12,1.856710873937572615e-08,4.205674754817251195e-17,2.904462534450041876e-18,1.965415608040643747e-10,6.720415890448805385e-10,1.000000000000000000e+00,8.497796216699882166e-11,5.334046804250647256e-08,2.258356876164912131e-20,1.149643097733688002e-12,1.398131111583669327e-15,4.646689433229767019e-07,2.405903601343517551e-12,1.686774608877783521e-10,2.825992669386323541e-05,6.085141603101037284e-17,6.165977173289149960e-10,9.198531519816199875e-11,6.753070209140240085e-20,9.639704512665048242e-05,6.516397661471273750e-06,1.416761326311632985e-11,1.025141432320572076e-21,6.658890661093153085e-10,2.663284703885437921e-07,3.185756172752185478e-11,7.812747302403388883e-13,1.639001553157019495e-15,5.229698184922026982e-12,2.849292253959828658e-13,6.019455225068914839e-14,1.000360327907401370e-08,2.179562974546911391e-09,5.563492808807746215e-12,8.544241703045685199e-12,2.205895188733819623e-12,2.460683485896823368e-17,1.104204220260204296e-15,3.331057541799964383e-06,1.914556897273619265e-23,1.104856806206504531e-16,1.044893829798979393e-14,2.514700827305205166e-05,1.039868458203444580e-20,1.823772244335941650e-10,5.122169013946721937e-25,2.975681589087691807e-15,4.580910654386549025e-27,5.295017313500238743e-09,4.487309482326118371e-11,1.889915438368916512e-05,3.267561568542909356e-11,1.078601577319204807e-03,7.159229408102937321e-16,9.879808776647180935e-11,7.576087605110520249e-24,1.527141468837811544e-10,1.229890585818793625e-06,4.305080688622443764e-17,2.581161196238412892e-13,4.521699590540181347e-23,2.294094039354769438e-14,1.386617469734119368e-07,1.090285639548937979e-10,1.205066862269843497e-11,2.726873631411774745e-13,3.496475889493525582e-21,1.615554212104252567e-17,1.144905809269403107e-06,6.320463629468781042e-14,8.539109523642007815e-12,1.866988100118760485e-06,3.803355280695139892e-16,1.742151839456695939e-10,1.547950452314472296e-22,1.131746779625686372e-11,1.867291120243919945e-15,3.621513082908284220e-15,9.834453799481188661e-16,3.500027353910605061e-20,3.592979646444005581e-12,3.784160138020631337e-11,2.873980875506276789e-08,5.200127221188788340e-12
8.627794644847898706e-42,1.848870015419556978e-11,3.554413962198083785e-19,1.011754760620584510e-34,2.167249990581154862e-10,5.514885725583351603e-30,3.704567628001883758e-15,1.236372319086097293e-14,1.099018293959843282e-23,8.497796216699882166e-11,1.000000000000000000e+00,1.086972782367571042e-23,3.670138339351842316e-20,1.156871540261936452e-19,2.605678149438195598e-34,2.686200952681227749e-24,2.961835087212783003e-35,2.020310893628316872e-29,5.964168270367053992e-09,5.853615600639263270e-37,3.327493659852776557e-18,1.630911515008014070e-16,1.327683351449209293e-38,3.863055883353297090e-17,3.207670896671302953e-25,2.766231993511417521e-16,1.105589455890672549e-39,1.542956910784328006e-15,2.085757344616467890e-08,3.118934957648556583e-18,7.182128732073720517e-15,5.657623821122945323e-33,1.583173609225344298e-21,1.206536407813898339e-26,8.570367372336186473e-17,2.990580647267097155e-28,3.267749772487525683e-14,3.419445860614771860e-27,1.049812356622875384e-21,4.350957341389344964e-34,4.682158558848511279e-41,4.551010720928157586e-32,1.708381471952871611e-28,5.380047233036199925e-40,8.910882680866352610e-33,5.021214447156425621e-27,4.504036994872282893e-23,9.720807447021256021e-42,8.374565545181517618e-21,0.000000000000000000e+00,1.106390515896090890e-26,0.000000000000000000e+00,1.985541239476272966e-20,5.664645331326440729e-17,6.198513611388908701e-24,2.809020656935356554e-17,4.640839751266495611e-18,1.533178421205749523e-27,2.288058915708948257e-18,6.786564199501299299e-09,4.631324104759620412e-26,2.544434275478124619e-03,1.983602951658972377e-35,3.626159556738623915e-29,6.067376654700994604e-35,1.489030061748248050e-37,1.233301739956178013e-28,8.225371444681147716e-30,1.141535754674123904e-36,1.075868007245464405e-30,5.565999539252103150e-40,1.234400965627494995e-24,2.885011497820270943e-14,1.985694015751900597e-26,2.709147467992722991e-14,4.953307164347581006e-23,1.408557190370019623e-40,7.338282139451666145e-19,1.375158362511609068e-38,3.477518741525723239e-22,1.900767218273985901e-30,9.289045266314133187e-08,2.450213331213497850e-23,1.003329700456569023e-42,2.849846446217159524e-28,1.139883447678599358e-19,6.437542556317343845e-14,1.344871566931141079e-31
1.215601549868839242e-17,1.168255536754259083e-08,9.487497593108074057e-12,3.246933754849634646e-12,7.245913701133758350e-16,9.177780707452214831e-15,3.028188281291146709e-28,6.254424446332259419e-17,2.207413532561222635e-13,5.334046804250647256e-08,1.086972782367571042e-23,1.000000000000000000e+00,1.218799054140704640e-27,4.593858388309002283e-13,7.665042357984930277e-05,2.150192690564267650e-09,4.651349172490881756e-07,3.283629666839260608e-06,1.671344868059421174e-10,1.092797585755533873e-08,5.039024699726724066e-07,4.472632739139959944e-17,4.518557943811174482e-06,5.945501035942157841e-11,4.683602674049325287e-05,5.308299633188795497e-11,4.459470022296431693e-29,5.619641579336642767e-13,1.366029356976119396e-16,1.169847422058389874e-12,6.821780322151126785e-22,2.743010118138045073e-04,6.568952673947199538e-23,1.417718113214214582e-15,2.992869285733945617e-09,1.495471806265413761e-04,2.223705008514874001e-16,4.665139131247997284e-03,4.263236430546157862e-09,1.967214280739426613e-03,1.069692186390913680e-12,1.002903576158287180e-11,2.006776327334591770e-07,8.737560630612414216e-34,2.387452819771562505e-24,3.578728677810138611e-18,2.205287955803214572e-06,1.281193846760370070e-13,7.244497970265717512e-14,3.766663897086733957e-25,1.145885562436887994e-06,5.900559836064965188e-15,1.281895824256615887e-16,1.121438685913744848e-06,7.480330532416701317e-05,7.617075707029649471e-21,6.760700489394366741e-04,4.223090746800550977e-22,3.992973664454263667e-16,4.158297701464707395e-38,5.811043956782668829e-05,4.055217549711000906e-17,5.348128252080641687e-05,2.226961441920138896e-06,5.605193857299268284e-45,3.097313614489278014e-15,2.233238376447843621e-07,5.967139031781698577e-07,1.412614886175944662e-10,1.475972239859402180e-03,6.095598337196861394e-07,2.499903929698010785e-11,4.916148732677858013e-15,9.134038516540238971e-18,1.650423199155449381e-19,6.232702162378700450e-06,1.011819739105135341e-09,4.440775872027735716e-12,3.550976907717995346e-05,4.179552608207737376e-19,8.014862295786214889e-25,3.362188427157333217e-17,7.108743862166416868e-17,3.211085868315421976e-07,9.556397795677185059e-02,2.298833762237606493e-10,1.746434350217637710e-13,1.398822409100830555e-03
1.499634478681166592e-35,2.184294967122468734e-09,1.179133353457206823e-11,4.667680346543004916e-27,3.973172024674884173e-14,7.202674106629559745e-43,3.338451293188882119e-08,1.865957287105874194e-25,1.428969351392147947e-21,2.258356876164912131e-20,3.670138339351842316e-20,1.218799054140704640e-27,1.000000000000000000e+00,3.984478025298443526e-11,1.458522855197821808e-34,5.937934202567165456e-21,1.636439916175202385e-30,2.779902814991405711e-21,5.095306229892238026e-13,2.384254471053749376e-27,1.144523284680168286e-20,1.314606230270283158e-14,6.277869374572494375e-33,1.290358874539768424e-16,1.527074866388045565e-32,2.359005645038629377e-26,4.544269018674355498e-29,2.350919589208522176e-12,3.481554766704419990e-10,6.904634068168752099e-17,2.079356366796205312e-17,2.748508212349719792e-31,2.056739451336662946e-24,1.979365040176094818e-25,5.243173751571098213e-19,2.473131059478405302e-34,6.250363341076384388e-19,9.261278305179447906e-29,1.645706073044421458e-14,1.807629180152064537e-34,5.497661441959622789e-30,1.736474610716136954e-15,5.766701982697576332e-33,7.501777472906456887e-16,1.055409574432552081e-14,2.155488889058273676e-21,1.425857211501795102e-25,1.977356215114528167e-34,3.228744755308668467e-28,0.000000000000000000e+00,2.894082264734056322e-22,0.000000000000000000e+00,3.131853161682761344e-14,1.509669034599478074e-18,3.429649534924886352e-19,7.070894827527268875e-28,6.529373116306500452e-25,1.001617430916217334e-25,1.862916964323471764e-21,6.020482223276626024e-20,9.840931974527023326e-34,4.779557629798908645e-19,1.421687724748901891e-30,5.134021261654691792e-40,0.000000000000000000e+00,2.181244373986438355e-38,1.887435678232553157e-31,9.886781682054257461e-30,3.065745057008441800e-34,7.118477430512283240e-27,0.000000000000000000e+00,4.490641499372892916e-29,2.697487461753541592e-23,1.364326291356546218e-16,3.045071389904690603e-32,4.657605493924743526e-23,1.177090710032846340e-43,2.427687228762770433e-13,1.422638289329021695e-36,2.463363453176914864e-22,2.403051816640234459e-30,3.992473365799220630e-11,1.692325362641543643e-31,1.401298464324817071e-45,5.608390427857250578e-27,3.426397225874381641e-24,2.851922309421439650e-10,6.422145054926530048e-31
1.496396956431431672e-24,8.401423838222399354e-05,7.521932944655418396e-03,2.312191575899215368e-15,6.234785132619435899e-07,1.522181317511776091e-20,9.347383977953427348e-14,2.668889464985113591e-08,2.598511272822179308e-08,1.149643097733688002e-12,1.156871540261936452e-19,4.593858388309002283e-13,3.984478025298443526e-11,1.000000000000000000e+00,5.515339644350925510e-18,7.938551220831868704e-07,1.049457588228556767e-18,3.004279225567174638e-13,3.912946965685566714e-14,8.357973142199013507e-20,1.363577030133455992e-05,1.194369979202747345e-03,2.423716122577338519e-18,5.041678241219891974e-18,2.198510939941080897e-16,6.244655196496751159e-06,2.992239011946259546e-18,2.220600843429565430e-01,4.855808947468176484e-05,4.200985858915373683e-05,1.423729230755170494e-14,1.230433411103894811e-16,5.879317171997300306e-11,6.075578767195111141e-06,3.183741746228003621e-17,5.743162168099980811e-20,4.172176559791296313e-08,2.494092172372619487e-12,4.329941701143980026e-03,6.028913164734844725e-21,3.166574046884287122e-20,6.549951763190620113e-07,1.203808052254505783e-22,2.838191624605847403e-15,5.994153440269656130e-08,6.216314268892020323e-11,2.068553661693783852e-13,2.141959996320075699e-25,5.752395959428516117e-19,0.000000000000000000e+00,4.611944159904624030e-09,3.774483374911890322e-35,2.609199100334080867e-06,3.596303577069193125e-04,2.203736082506679850e-10,5.435468047876312880e-11,9.393021083159425189e-12,1.411112060534236434e-10,2.147481973224785179e-05,8.485132585993936089e-33,3.574415706397498840e-19,2.044692933093252159e-16,1.760422064753663135e-19,1.783604265055195072e-15,4.446320027302644566e-42,5.536291160384774465e-26,2.669499772143792355e-16,1.667180043058789620e-18,1.732319299659254532e-23,4.732600487715454829e-13,3.305119598692893287e-30,1.909003685796051286e-06,5.443989148368189035e-10,4.758060094900429249e-04,7.859322591103787991e-27,2.928535669174947564e-12,3.106497315053660864e-29,5.268875509500503540e-03,3.755410643865829335e-20,6.210451597432609105e-10,3.662833044141243499e-15,2.245030767192290888e-12,4.598313917136831463e-12,6.437712039721927189e-26,1.748592590167241667e-11,2.681329381604080651e-23,9.472385376074754504e-11,3.948213465671141246e-17
1.509280574867391533e-14,2.723541466795351780e-17,2.047619828972709792e-16,1.201096555547565004e-08,1.551770634310306260e-21,5.607654572355007250e-15,9.510141894898381352e-35,9.489367115697533234e-22,1.333558870066911700e-19,1.398131111583669327e-15,2.605678149438195598e-34,7.665042357984930277e-05,1.458522855197821808e-34,5.515339644350925510e-18,1.000000000000000000e+00,8.187708323836861979e-12,1.818998356384327053e-07,1.945057738339528441e-04,1.763790597407964567e-14,2.852110370099580905e-08,6.270647112671667855e-09,7.322943402802545914e-23,1.281246840953826904e-01,9.130738826902315940e-16,3.583748764413030585e-07,1.412238842366883725e-16,4.217226339053919871e-24,2.732562615837793844e-18,7.387387343416222899e-24,8.365764744129562609e-18,4.699037644562737911e-26,2.281668931245803833e-01,5.160730408538574894e-24,1.251310750797115622e-19,9.913961873664334234e-10,1.927116954902885482e-07,4.900149706363600321e-19,3.463479457423090935e-03,5.546511075540981953e-15,2.087779430439695716e-04,4.593327048496576026e-06,4.155447628117404492e-21,4.623124799651989747e-11,8.870219279176092059e-43,1.845067849742193369e-27,1.516571675865474094e-19,1.880256093045318266e-07,9.389067940901441034e-07,7.047989649599518894e-32,2.414577383878092295e-41,2.090691586689488973e-16,1.270153138221985500e-08,4.541674454001525624e-27,2.281526911840359162e-10,4.626843352895093631e-09,2.483356343958836187e-22,5.339487870514858514e-06,1.568718072544573728e-25,2.335616837847072030e-19,6.375908012677917673e-43,3.363023698329925537e-02,6.049799525688906608e-24,3.793145716190338135e-02,1.334836152722118641e-08,0.000000000000000000e+00,1.962461753944350698e-27,3.115940616638113170e-09,6.739974487572908401e-04,2.434353234548325418e-07,8.203439938370138407e-05,2.498364774510264397e-03,4.394663411931738761e-14,2.104300269742890359e-25,3.052815929745355422e-18,5.610880867898009134e-24,1.007782884698826820e-05,1.791316753951832652e-05,5.492078281954873575e-14,5.640766175929456949e-05,9.783823711176442286e-24,9.433197915771953948e-24,4.757540097337696579e-22,7.325161891713838723e-20,2.827158605214208364e-04,3.888188861310482025e-03,1.685833250775203851e-09,1.158921256612823830e-26,1.870176643133163452e-01
1.264099159108990605e-15,4.243138675974478247e-07,1.319456146120501217e-06,3.168336434100638144e-06,2.749226268861093558e-07,1.053967399466948507e-10,9.238466418026789352e-25,4.594743927555100527e-07,1.939544337801635265e-03,4.646689433229767019e-07,2.686200952681227749e-24,2.150192690564267650e-09,5.937934202567165456e-21,7.938551220831868704e-07,8.187708323836861979e-12,1.000000000000000000e+00,7.896010776643758167e-13,2.235265810668352060e-06,1.603958610894851144e-12,8.848938075345369469e-12,2.567937735875602812e-05,9.165161074520256079e-09,3.731458382978366031e-15,1.716850828170635168e-10,5.741664210745511809e-08,2.430996071112190293e-09,2.807506938040660316e-08,1.490364866185700521e-06,6.266453311809527804e-08,1.697439256531652063e-05,1.995253788578121856e-11,2.056851217124844311e-11,1.355159565719077364e-05,1.392701291479170322e-03,6.217519230126171444e-20,2.624500280729719082e-13,1.222373521159170195e-05,5.022134885734885756e-08,8.178813004633411765e-06,2.995100369974912358e-14,1.471285093757046525e-09,3.165762652024284307e-10,1.160703799740758768e-08,1.314929521901298688e-18,3.870260115945711732e-06,2.588362258393317461e-05,2.600107807666063309e-03,8.506588581322707676e-14,1.151039503353131331e-18,1.605042256720569676e-34,3.487721052515915278e-15,1.921740476682930076e-25,6.191539796418510377e-06,6.078510494944566744e-08,1.072396291419863701e-03,1.164913996376526484e-07,2.149320498574525118e-04,1.207915920531377196e-05,2.420744131086394191e-04,9.802321539210416360e-38,5.553763351984208896e-11,2.411150646885172090e-15,1.715930694789254835e-14,1.436521213094010818e-08,5.221097856806632649e-27,3.826942967166332976e-14,1.280395878211493255e-08,8.119747718637881917e-08,4.158033917178727279e-09,1.356601764257447940e-08,1.357402299726912830e-22,2.148629607567897892e-10,8.499693535668484401e-07,2.866795402951538563e-04,7.038904175867952189e-18,9.843103043749579228e-07,3.086789230119643332e-17,9.919680887833237648e-04,1.207291171277369851e-19,9.875195246422663331e-05,1.245491785084595904e-05,1.077125270760072487e-21,2.215720762421824475e-08,9.763412456533134776e-20,1.556214157538704512e-09,4.292977712771812884e-17,2.356539171698840418e-13,1.482249739614971418e-10
2.136028342647477984e-04,1.231790141891994650e-13,2.537209669147740044e-22,7.437497515638824552e-06,1.808021624296932693e-27,1.533965867003851241e-30,5.259343543717537917e-25,1.817036902366609344e-28,6.017002633554343042e-24,2.405903601343517551e-12,2.961835087212783003e-35,4.651349172490881756e-07,1.636439916175202385e-30,1.049457588228556767e-18,1.818998356384327053e-07,7.896010776643758167e-13,1.000000000000000000e+00,1.362750055022843299e-07,1.721588218426379439e-15,2.007670711155542793e-16,1.388345234064921989e-17,3.708634084289141395e-18,6.183850587149208877e-08,2.305790378510225169e-13,8.033811463974416256e-04,1.834259073897309045e-21,1.997489526566989559e-29,1.104127299080681765e-17,1.067152691566938382e-24,1.970911409500520150e-25,2.180923281577361738e-35,8.873267676179352748e-10,6.601244292043802895e-27,6.934621415725528395e-24,7.452749829490838696e-15,1.787472888827323914e-02,2.208494065810371345e-26,5.819458196582028009e-12,1.936744918101232206e-19,1.106312219053506851e-02,8.106971760568626451e-10,2.200708063996919747e-17,6.733785751222853833e-10,1.065358378134206614e-25,1.185976245922437422e-23,1.585972735065021578e-28,1.580753583585448041e-10,4.100609582133215832e-17,2.145345688717671129e-25,2.872661851865874995e-43,5.051003577660794289e-15,3.304531492176465690e-05,3.010837843892345636e-23,2.733346038595942817e-17,1.116233683262635168e-08,9.118334735075207570e-26,1.250943082453659372e-08,7.169553104016218051e-33,2.972355315669492150e-24,0.000000000000000000e+00,1.860699327949077997e-08,1.577079994288056564e-28,9.316330817910056794e-09,6.099940029695733460e-19,7.272739029845800598e-43,8.533785568744131251e-27,1.110313367098569870e-02,6.130796426084827999e-10,1.929809485545774805e-07,1.404783841335577321e-12,1.043284902912944290e-10,2.779231753107439542e-23,4.702836656933838397e-27,3.014408072748140102e-18,2.370333848910255865e-35,3.120535518974065781e-03,3.179454070050269365e-04,3.317188385287649515e-19,6.608229181958094611e-14,1.197167984007381553e-29,2.123731857101797766e-28,3.011922936242321528e-27,6.687756173180564126e-33,8.600673754699528217e-05,5.766214883351494791e-08,2.992746126601313755e-15,2.824775848609469438e-23,3.746026486624032259e-04
1.110044673367782675e-12,8.992735028856557733e-11,1.041608743701516460e-10,5.560357385547831655e-05,2.154152676820276363e-14,4.557495077536126774e-15,5.085735411409331286e-27,1.383754981371196786e-18,7.150210111495081122e-12,1.686774608877783521e-10,2.020310893628316872e-29,3.283629666839260608e-06,2.779902814991405711e-21,3.004279225567174638e-13,1.945057738339528441e-04,2.235265810668352060e-06,1.362750055022843299e-07,1.000000000000000000e+00,8.422223807258433226e-09,8.066527661867439747e-04,5.073238185104855802e-08,2.111464126735002378e-18,1.924380921991541982e-05,6.172140842863882426e-07,7.544037572415618342e-08,3.295320263132373407e-18,2.152768455577873385e-14,3.672165991967270282e-14,4.819091780054079229e-16,4.011592707325872809e-12,4.315935415841507623e-16,1.011939602904021740e-03,6.527382798818427831e-17,3.900493124965381461e-15,4.690863808498590970e-10,1.583844611019458171e-09,4.035650123541262291e-13,1.081938462448306382e-04,3.499777967430617309e-10,1.150007392425322905e-06,1.203828956931829453e-02,7.403280056052577440e-14,1.915265784191433340e-06,2.220470355243396429e-28,2.741242774561961949e-15,5.742892966731361071e-11,1.680677291005849838e-03,4.979309742338955402e-04,8.249427867282386815e-26,2.420651452201554647e-38,3.113399034855433194e-16,2.037908416237937947e-14,1.508196955030057266e-16,1.923889658694832860e-10,2.824421972036361694e-03,3.269686504636026209e-19,1.779415906639769673e-04,2.737728606917371268e-17,5.389229339213593567e-15,3.502152385703504727e-34,7.379121962003409863e-05,1.854411754324708019e-18,8.513007778674364090e-04,1.416837046991359372e-11,1.261168617892335364e-44,8.403855170566710704e-19,6.168792143768087044e-09,4.557067900896072388e-02,6.546402582898736000e-04,3.376048989593982697e-04,8.656495659176144386e-11,5.648246641118699466e-17,1.300527687051291061e-18,3.059604869806720195e-12,2.419088460640410606e-18,1.772187970345839858e-04,2.432258838780398946e-08,1.392988124848670850e-08,2.815741251271930423e-10,4.965681525367394988e-15,5.403699097172420373e-16,5.178630399337234001e-19,2.998822873313814114e-17,1.949632295883407807e-11,3.173999357386492193e-05,7.685514447075547650e-07,1.324996301684262909e-16,2.086278982460498810e-03
