1.000000000000000000e+00,9.954968690872192383e-01,9.930917024612426758e-01,9.991940259933471680e-01,9.926179051399230957e-01,9.913232922554016113e-01,9.941980838775634766e-01,9.926962256431579590e-01,9.932067394256591797e-01,9.962857365608215332e-01,9.905892014503479004e-01,9.961127042770385742e-01,9.920135140419006348e-01,9.945291876792907715e-01,9.968225955963134766e-01,9.965754151344299316e-01,9.991552233695983887e-01,9.972510933876037598e-01,9.953359961509704590e-01,9.940522313117980957e-01,9.943009614944458008e-01,9.956418275833129883e-01,9.963955283164978027e-01,9.960606098175048828e-01,9.985068440437316895e-01,9.935126900672912598e-01,9.944123625755310059e-01,9.951051473617553711e-01,9.935509562492370605e-01,9.925040006637573242e-01,9.908545017242431641e-01,9.958323240280151367e-01,9.945252537727355957e-01,9.937427639961242676e-01,9.946312308311462402e-01,9.982853531837463379e-01,9.933771491050720215e-01,9.951120615005493164e-01,9.934841394424438477e-01,9.977242350578308105e-01,9.976190328598022461e-01,9.937525391578674316e-01,9.966929554939270020e-01,9.946222901344299316e-01,9.949652552604675293e-01,9.926118850708007812e-01,9.968209862709045410e-01,9.950699806213378906e-01,9.912526607513427734e-01,9.865097403526306152e-01,9.934812188148498535e-01,9.983584284782409668e-01,9.936228394508361816e-01,9.939796328544616699e-01,9.966756701469421387e-01,9.945667386054992676e-01,9.969906806945800781e-01,9.919109344482421875e-01,9.939864873886108398e-01,9.880681037902832031e-01,9.968919157981872559e-01,9.923118948936462402e-01,9.959518909454345703e-01,9.935095310211181641e-01,9.924662709236145020e-01,9.913451075553894043e-01,9.991654157638549805e-01,9.968116879463195801e-01,9.982082247734069824e-01,9.946838021278381348e-01,9.953879714012145996e-01,9.926950335502624512e-01,9.924806952476501465e-01,9.960364699363708496e-01,9.903329014778137207e-01,9.989308714866638184e-01,9.985975623130798340e-01,9.947090148925781250e-01,9.936279654502868652e-01,9.925493597984313965e-01,9.943217039108276367e-01,9.918296337127685547e-01,9.909313321113586426e-01,9.974837303161621094e-01,9.958975315093994141e-01,9.951372146606445312e-01,9.923737049102783203e-01,9.977239966392517090e-01
9.954968690872192383e-01,1.000000000000000000e+00,9.988301396369934082e-01,9.969192743301391602e-01,9.986686706542968750e-01,9.951697587966918945e-01,9.977254867553710938e-01,9.977424740791320801e-01,9.981916546821594238e-01,9.991586804389953613e-01,9.975317120552062988e-01,9.981752038002014160e-01,9.980077743530273438e-01,9.990620017051696777e-01,9.961930513381958008e-01,9.985337853431701660e-01,9.970318675041198730e-01,9.976895451545715332e-01,9.987325668334960938e-01,9.963421225547790527e-01,9.983696937561035156e-01,9.988569617271423340e-01,9.958716034889221191e-01,9.983913302421569824e-01,9.976825714111328125e-01,9.980937242507934570e-01,9.949705600738525391e-01,9.992300271987915039e-01,9.992551803588867188e-01,9.984728693962097168e-01,9.972766637802124023e-01,9.965081214904785156e-01,9.970998167991638184e-01,9.976902008056640625e-01,9.973596930503845215e-01,9.972569346427917480e-01,9.980407953262329102e-01,9.974004626274108887e-01,9.989217519760131836e-01,9.967660903930664062e-01,9.957124590873718262e-01,9.985713958740234375e-01,9.971569180488586426e-01,9.968038797378540039e-01,9.975907802581787109e-01,9.971063733100891113e-01,9.980117082595825195e-01,9.947284460067749023e-01,9.980570077896118164e-01,9.919824600219726562e-01,9.983402490615844727e-01,9.929752945899963379e-01,9.990599155426025391e-01,9.986533522605895996e-01,9.988300800323486328e-01,9.971032738685607910e-01,9.984676837921142578e-01,9.968199133872985840e-01,9.980676174163818359e-01,9.947435855865478516e-01,9.966366291046142578e-01,9.980340600013732910e-01,9.962553381919860840e-01,9.964779615402221680e-01,9.918015003204345703e-01,9.962057471275329590e-01,9.975678324699401855e-01,9.967483878135681152e-01,9.960693717002868652e-01,9.974020719528198242e-01,9.942668080329895020e-01,9.971956014633178711e-01,9.985079765319824219e-01,9.980138540267944336e-01,9.959014654159545898e-01,9.982098937034606934e-01,9.949159622192382812e-01,9.987262487411499023e-01,9.956145286560058594e-01,9.975755214691162109e-01,9.960003495216369629e-01,9.979531764984130859e-01,9.965386390686035156e-01,9.948722124099731445e-01,9.977399110794067383e-01,9.967459440231323242e-01,9.993452429771423340e-01,9.969456195831298828e-01
9.930917024612426758e-01,9.988301396369934082e-01,1.000000000000000000e+00,9.961264133453369141e-01,9.991953969001770020e-01,9.969983696937561035e-01,9.954977631568908691e-01,9.984152913093566895e-01,9.990020394325256348e-01,9.972721934318542480e-01,9.957609176635742188e-01,9.974651336669921875e-01,9.974867701530456543e-01,9.995111227035522461e-01,9.963939785957336426e-01,9.986470341682434082e-01,9.950397610664367676e-01,9.977040290832519531e-01,9.974292516708374023e-01,9.972361326217651367e-01,9.994019269943237305e-01,9.980231523513793945e-01,9.962300062179565430e-01,9.967237710952758789e-01,9.958932995796203613e-01,9.983958601951599121e-01,9.963703751564025879e-01,9.991363286972045898e-01,9.989782571792602539e-01,9.997438788414001465e-01,9.982683062553405762e-01,9.970992803573608398e-01,9.974949955940246582e-01,9.987773299217224121e-01,9.966771006584167480e-01,9.949841499328613281e-01,9.988653063774108887e-01,9.981440305709838867e-01,9.998545050621032715e-01,9.952504038810729980e-01,9.959980249404907227e-01,9.984798431396484375e-01,9.956822395324707031e-01,9.949266910552978516e-01,9.978960752487182617e-01,9.988197684288024902e-01,9.977033734321594238e-01,9.958037137985229492e-01,9.959611892700195312e-01,9.902592301368713379e-01,9.978004693984985352e-01,9.912535548210144043e-01,9.986349344253540039e-01,9.994063973426818848e-01,9.982625246047973633e-01,9.971661567687988281e-01,9.977996945381164551e-01,9.984339475631713867e-01,9.988592863082885742e-01,9.935761690139770508e-01,9.962518811225891113e-01,9.971089959144592285e-01,9.964580535888671875e-01,9.974277019500732422e-01,9.893251061439514160e-01,9.955397844314575195e-01,9.954956769943237305e-01,9.967977404594421387e-01,9.951593875885009766e-01,9.981979131698608398e-01,9.937945604324340820e-01,9.986231327056884766e-01,9.982430338859558105e-01,9.985454678535461426e-01,9.959647059440612793e-01,9.968644380569458008e-01,9.932338595390319824e-01,9.997008442878723145e-01,9.962739348411560059e-01,9.986318945884704590e-01,9.968948960304260254e-01,9.976189136505126953e-01,9.984678626060485840e-01,9.937077164649963379e-01,9.978587627410888672e-01,9.959328174591064453e-01,9.981830120086669922e-01,9.963886141777038574e-01
9.991940259933471680e-01,9.969192743301391602e-01,9.961264133453369141e-01,1.000000000000000000e+00,9.957093596458435059e-01,9.951290488243103027e-01,9.943167567253112793e-01,9.956124424934387207e-01,9.964610338211059570e-01,9.974292516708374023e-01,9.922029376029968262e-01,9.973581433296203613e-01,9.939554333686828613e-01,9.966355562210083008e-01,9.981778860092163086e-01,9.987345933914184570e-01,9.988197684288024902e-01,9.990207552909851074e-01,9.968042373657226562e-01,9.968467354774475098e-01,9.970265626907348633e-01,9.967524409294128418e-01,9.976379871368408203e-01,9.974858760833740234e-01,9.988071918487548828e-01,9.955527186393737793e-01,9.975686073303222656e-01,9.968589544296264648e-01,9.959010481834411621e-01,9.958988428115844727e-01,9.946921467781066895e-01,9.976978898048400879e-01,9.971395730972290039e-01,9.966626763343811035e-01,9.958308339118957520e-01,9.980408549308776855e-01,9.965056180953979492e-01,9.973934888839721680e-01,9.962874054908752441e-01,9.979389309883117676e-01,9.992917180061340332e-01,9.956884980201721191e-01,9.980216622352600098e-01,9.951398968696594238e-01,9.973099827766418457e-01,9.964727163314819336e-01,9.988097548484802246e-01,9.976626038551330566e-01,9.926437735557556152e-01,9.888347983360290527e-01,9.947595596313476562e-01,9.975318908691406250e-01,9.959684014320373535e-01,9.963394403457641602e-01,9.984729290008544922e-01,9.967233538627624512e-01,9.985683560371398926e-01,9.957292675971984863e-01,9.967527985572814941e-01,9.902378320693969727e-01,9.982032179832458496e-01,9.945638775825500488e-01,9.974858164787292480e-01,9.961856603622436523e-01,9.931681156158447266e-01,9.940094351768493652e-01,9.990722537040710449e-01,9.987293481826782227e-01,9.993242621421813965e-01,9.971295595169067383e-01,9.961856603622436523e-01,9.953079819679260254e-01,9.952025413513183594e-01,9.980889558792114258e-01,9.936921000480651855e-01,9.994418621063232422e-01,9.985030293464660645e-01,9.974712729454040527e-01,9.953460693359375000e-01,9.960952997207641602e-01,9.973217248916625977e-01,9.937284588813781738e-01,9.948676824569702148e-01,9.973602294921875000e-01,9.974661469459533691e-01,9.967236518859863281e-01,9.944190382957458496e-01,9.986395239830017090e-01
9.926179051399230957e-01,9.986686706542968750e-01,9.991953969001770020e-01,9.957093596458435059e-01,1.000000000000000000e+00,9.974971413612365723e-01,9.956333041191101074e-01,9.993643164634704590e-01,9.990050792694091797e-01,9.982213973999023438e-01,9.977772235870361328e-01,9.965199828147888184e-01,9.969190955162048340e-01,9.985722303390502930e-01,9.952198863029479980e-01,9.984903931617736816e-01,9.938611984252929688e-01,9.968581199645996094e-01,9.981453418731689453e-01,9.959884285926818848e-01,9.989961385726928711e-01,9.979561567306518555e-01,9.943682551383972168e-01,9.973523616790771484e-01,9.958488941192626953e-01,9.982632398605346680e-01,9.968683719635009766e-01,9.987472295761108398e-01,9.997062683105468750e-01,9.995683431625366211e-01,9.994927644729614258e-01,9.957931637763977051e-01,9.987091422080993652e-01,9.985641837120056152e-01,9.962090849876403809e-01,9.944356083869934082e-01,9.997843503952026367e-01,9.971334338188171387e-01,9.987599253654479980e-01,9.940162897109985352e-01,9.951640963554382324e-01,9.965045452117919922e-01,9.959862232208251953e-01,9.940224289894104004e-01,9.974845051765441895e-01,9.989570379257202148e-01,9.979297518730163574e-01,9.950927495956420898e-01,9.958386421203613281e-01,9.910761713981628418e-01,9.958243966102600098e-01,9.896483421325683594e-01,9.985783100128173828e-01,9.986125826835632324e-01,9.977407455444335938e-01,9.985236525535583496e-01,9.980317950248718262e-01,9.988752603530883789e-01,9.992966055870056152e-01,9.958333373069763184e-01,9.960861206054687500e-01,9.989473223686218262e-01,9.949107766151428223e-01,9.970045089721679688e-01,9.928613305091857910e-01,9.953011870384216309e-01,9.952220916748046875e-01,9.965656995773315430e-01,9.950649142265319824e-01,9.968164563179016113e-01,9.926390051841735840e-01,9.976862668991088867e-01,9.991598129272460938e-01,9.981296658515930176e-01,9.979658126831054688e-01,9.966012835502624512e-01,9.926872849464416504e-01,9.993764162063598633e-01,9.940511584281921387e-01,9.993066191673278809e-01,9.979459047317504883e-01,9.977566599845886230e-01,9.988884329795837402e-01,9.921841025352478027e-01,9.963624477386474609e-01,9.963092207908630371e-01,9.980235099792480469e-01,9.953400492668151855e-01
9.913232922554016113e-01,9.951697587966918945e-01,9.969983696937561035e-01,9.951290488243103027e-01,9.974971413612365723e-01,1.000000000000000000e+00,9.885709881782531738e-01,9.981015324592590332e-01,9.981290102005004883e-01,9.962363243103027344e-01,9.932856559753417969e-01,9.967730641365051270e-01,9.903432726860046387e-01,9.954472780227661133e-01,9.967238306999206543e-01,9.977052807807922363e-01,9.931585192680358887e-01,9.967033267021179199e-01,9.953254461288452148e-01,9.969158172607421875e-01,9.985896348953247070e-01,9.939851760864257812e-01,9.954364299774169922e-01,9.951276183128356934e-01,9.958502650260925293e-01,9.970901012420654297e-01,9.961025714874267578e-01,9.954823851585388184e-01,9.959264993667602539e-01,9.981558322906494141e-01,9.973912835121154785e-01,9.971751570701599121e-01,9.969173073768615723e-01,9.977646470069885254e-01,9.943044185638427734e-01,9.942666292190551758e-01,9.981953501701354980e-01,9.982928037643432617e-01,9.970564842224121094e-01,9.945466518402099609e-01,9.958122372627258301e-01,9.938636422157287598e-01,9.965201616287231445e-01,9.878448247909545898e-01,9.941079020500183105e-01,9.983111023902893066e-01,9.981773495674133301e-01,9.967857599258422852e-01,9.932698607444763184e-01,9.935597777366638184e-01,9.939618706703186035e-01,9.911040067672729492e-01,9.953007102012634277e-01,9.974593520164489746e-01,9.969658851623535156e-01,9.969253540039062500e-01,9.979966878890991211e-01,9.980119466781616211e-01,9.977629780769348145e-01,9.904142022132873535e-01,9.972885847091674805e-01,9.961395263671875000e-01,9.959222078323364258e-01,9.992388486862182617e-01,9.917125105857849121e-01,9.956865310668945312e-01,9.945936203002929688e-01,9.976223111152648926e-01,9.958985447883605957e-01,9.977685809135437012e-01,9.951049089431762695e-01,9.974936246871948242e-01,9.973781108856201172e-01,9.956676959991455078e-01,9.977211356163024902e-01,9.955974221229553223e-01,9.939662218093872070e-01,9.974812269210815430e-01,9.955139160156250000e-01,9.980910420417785645e-01,9.972998499870300293e-01,9.936614036560058594e-01,9.993611574172973633e-01,9.937251210212707520e-01,9.968498349189758301e-01,9.955753087997436523e-01,9.940654039382934570e-01,9.961159229278564453e-01
9.941980838775634766e-01,9.977254867553710938e-01,9.954977631568908691e-01,9.943167567253112793e-01,9.956333041191101074e-01,9.885709881782531738e-01,1.000000000000000000e+00,9.941544532775878906e-01,9.929636120796203613e-01,9.959701299667358398e-01,9.966826438903808594e-01,9.936835765838623047e-01,9.982799887657165527e-01,9.970043897628784180e-01,9.921967983245849609e-01,9.944812655448913574e-01,9.944251179695129395e-01,9.939639568328857422e-01,9.969625473022460938e-01,9.907590150833129883e-01,9.944767355918884277e-01,9.980254173278808594e-01,9.922977685928344727e-01,9.953460097312927246e-01,9.941700696945190430e-01,9.948952198028564453e-01,9.916536211967468262e-01,9.975441098213195801e-01,9.973556995391845703e-01,9.942588210105895996e-01,9.936355948448181152e-01,9.920759797096252441e-01,9.943737387657165527e-01,9.932751059532165527e-01,9.959259629249572754e-01,9.939963817596435547e-01,9.947859048843383789e-01,9.924662709236145020e-01,9.949272871017456055e-01,9.928808212280273438e-01,9.921222925186157227e-01,9.945659041404724121e-01,9.918764829635620117e-01,9.963033795356750488e-01,9.951598048210144043e-01,9.923487305641174316e-01,9.934561252593994141e-01,9.899829030036926270e-01,9.930417537689208984e-01,9.823283553123474121e-01,9.945876002311706543e-01,9.901458024978637695e-01,9.954161047935485840e-01,9.953597784042358398e-01,9.943825006484985352e-01,9.948002696037292480e-01,9.944609999656677246e-01,9.920161366462707520e-01,9.948205947875976562e-01,9.954506754875183105e-01,9.928058981895446777e-01,9.958009123802185059e-01,9.921371936798095703e-01,9.902229309082031250e-01,9.893069863319396973e-01,9.884278178215026855e-01,9.946856498718261719e-01,9.923373460769653320e-01,9.919174909591674805e-01,9.920504093170166016e-01,9.898068904876708984e-01,9.933408498764038086e-01,9.939285516738891602e-01,9.960424900054931641e-01,9.911150932312011719e-01,9.958732724189758301e-01,9.915466904640197754e-01,9.958136081695556641e-01,9.908126592636108398e-01,9.929752945899963379e-01,9.922322034835815430e-01,9.975569248199462891e-01,9.911534190177917480e-01,9.913504123687744141e-01,9.934212565422058105e-01,9.939812421798706055e-01,9.960536956787109375e-01,9.932331442832946777e-01
9.926962256431579590e-01,9.977424740791320801e-01,9.984152913093566895e-01,9.956124424934387207e-01,9.993643164634704590e-01,9.981015324592590332e-01,9.941544532775878906e-01,1.000000000000000000e+00,9.987727403640747070e-01,9.977675080299377441e-01,9.968026876449584961e-01,9.962758421897888184e-01,9.943220615386962891e-01,9.982576370239257812e-01,9.951710700988769531e-01,9.985418319702148438e-01,9.936329126358032227e-01,9.958962798118591309e-01,9.965589046478271484e-01,9.945279359817504883e-01,9.989592432975769043e-01,9.981558918952941895e-01,9.939795732498168945e-01,9.956201314926147461e-01,9.962471127510070801e-01,9.991635084152221680e-01,9.966897368431091309e-01,9.986851811408996582e-01,9.990369081497192383e-01,9.991632699966430664e-01,9.982168674468994141e-01,9.953786730766296387e-01,9.991305470466613770e-01,9.992454051971435547e-01,9.946904182434082031e-01,9.945241212844848633e-01,9.996037483215332031e-01,9.969619512557983398e-01,9.982005953788757324e-01,9.937037229537963867e-01,9.944501519203186035e-01,9.955517649650573730e-01,9.954074025154113770e-01,9.930239319801330566e-01,9.968958497047424316e-01,9.983633160591125488e-01,9.976319074630737305e-01,9.940014481544494629e-01,9.951980710029602051e-01,9.910059571266174316e-01,9.954012632369995117e-01,9.899353981018066406e-01,9.980091452598571777e-01,9.985093474388122559e-01,9.969356060028076172e-01,9.994451403617858887e-01,9.979268312454223633e-01,9.990198612213134766e-01,9.997834563255310059e-01,9.932560324668884277e-01,9.959936141967773438e-01,9.979735016822814941e-01,9.940371513366699219e-01,9.978369474411010742e-01,9.948642253875732422e-01,9.945983886718750000e-01,9.956004023551940918e-01,9.959821105003356934e-01,9.946010708808898926e-01,9.961956143379211426e-01,9.925881028175354004e-01,9.985525012016296387e-01,9.992366433143615723e-01,9.982595443725585938e-01,9.969094991683959961e-01,9.964029192924499512e-01,9.926852583885192871e-01,9.989713430404663086e-01,9.935992956161499023e-01,9.991684556007385254e-01,9.983993768692016602e-01,9.961480498313903809e-01,9.993542432785034180e-01,9.926419258117675781e-01,9.961163997650146484e-01,9.946554303169250488e-01,9.962856173515319824e-01,9.950611591339111328e-01
9.932067394256591797e-01,9.981916546821594238e-01,9.990020394325256348e-01,9.964610338211059570e-01,9.990050792694091797e-01,9.981290102005004883e-01,9.929636120796203613e-01,9.987727403640747070e-01,1.000000000000000000e+00,9.978902339935302734e-01,9.947274923324584961e-01,9.970901012420654297e-01,9.952117204666137695e-01,9.982550144195556641e-01,9.956633448600769043e-01,9.993756413459777832e-01,9.946675300598144531e-01,9.974368810653686523e-01,9.965550303459167480e-01,9.971500039100646973e-01,9.987807273864746094e-01,9.971490502357482910e-01,9.947957396507263184e-01,9.970394372940063477e-01,9.964221715927124023e-01,9.977391362190246582e-01,9.974415302276611328e-01,9.981048107147216797e-01,9.984823465347290039e-01,9.995589256286621094e-01,9.984548091888427734e-01,9.962794780731201172e-01,9.983866810798645020e-01,9.994161128997802734e-01,9.943395853042602539e-01,9.949463605880737305e-01,9.990312457084655762e-01,9.976836442947387695e-01,9.991480112075805664e-01,9.948730468750000000e-01,9.960390329360961914e-01,9.978781938552856445e-01,9.972110390663146973e-01,9.947292208671569824e-01,9.982547163963317871e-01,9.994650483131408691e-01,9.985897541046142578e-01,9.957846403121948242e-01,9.966190457344055176e-01,9.935235977172851562e-01,9.963989853858947754e-01,9.906919002532958984e-01,9.992262721061706543e-01,9.981363415718078613e-01,9.987283945083618164e-01,9.976560473442077637e-01,9.981925487518310547e-01,9.995306134223937988e-01,9.990712404251098633e-01,9.914859533309936523e-01,9.959936141967773438e-01,9.967858791351318359e-01,9.953711032867431641e-01,9.980348944664001465e-01,9.923459887504577637e-01,9.978650808334350586e-01,9.959252476692199707e-01,9.970846176147460938e-01,9.961355328559875488e-01,9.978033304214477539e-01,9.929410219192504883e-01,9.975950121879577637e-01,9.993392229080200195e-01,9.982092976570129395e-01,9.967667460441589355e-01,9.965977072715759277e-01,9.933460354804992676e-01,9.991095066070556641e-01,9.946539998054504395e-01,9.997121095657348633e-01,9.983856081962585449e-01,9.949073195457458496e-01,9.990310072898864746e-01,9.929179549217224121e-01,9.969694614410400391e-01,9.950962066650390625e-01,9.977733492851257324e-01,9.958562850952148438e-01
9.962857365608215332e-01,9.991586804389953613e-01,9.972721934318542480e-01,9.974292516708374023e-01,9.982213973999023438e-01,9.962363243103027344e-01,9.959701299667358398e-01,9.977675080299377441e-01,9.978902339935302734e-01,1.000000000000000000e+00,9.976838827133178711e-01,9.983267188072204590e-01,9.954865574836730957e-01,9.972546100616455078e-01,9.965855479240417480e-01,9.985428452491760254e-01,9.973282217979431152e-01,9.977521896362304688e-01,9.989531040191650391e-01,9.962731599807739258e-01,9.978816509246826172e-01,9.976917505264282227e-01,9.955955147743225098e-01,9.990757703781127930e-01,9.988066554069519043e-01,9.975050687789916992e-01,9.951786994934082031e-01,9.978892207145690918e-01,9.984872937202453613e-01,9.975859522819519043e-01,9.972160458564758301e-01,9.966012835502624512e-01,9.974057078361511230e-01,9.971154332160949707e-01,9.969605803489685059e-01,9.981597065925598145e-01,9.980075359344482422e-01,9.974118471145629883e-01,9.974547028541564941e-01,9.973195791244506836e-01,9.961829781532287598e-01,9.965618848800659180e-01,9.987395405769348145e-01,9.947826266288757324e-01,9.963325262069702148e-01,9.967859387397766113e-01,9.989414215087890625e-01,9.954092502593994141e-01,9.977599382400512695e-01,9.944225549697875977e-01,9.966607093811035156e-01,9.939536452293395996e-01,9.980962276458740234e-01,9.976201653480529785e-01,9.989129304885864258e-01,9.975885152816772461e-01,9.993169903755187988e-01,9.965187311172485352e-01,9.976987838745117188e-01,9.946904182434082031e-01,9.977423548698425293e-01,9.986400604248046875e-01,9.962385892868041992e-01,9.971057176589965820e-01,9.948681592941284180e-01,9.968642592430114746e-01,9.984220862388610840e-01,9.977086782455444336e-01,9.974889755249023438e-01,9.971110820770263672e-01,9.953007698059082031e-01,9.961410760879516602e-01,9.986329674720764160e-01,9.969653487205505371e-01,9.974546432495117188e-01,9.986817240715026855e-01,9.964557886123657227e-01,9.977554678916931152e-01,9.949906468391418457e-01,9.974827170372009277e-01,9.966143369674682617e-01,9.966803789138793945e-01,9.965505003929138184e-01,9.955301880836486816e-01,9.973683357238769531e-01,9.976030588150024414e-01,9.982650279998779297e-01,9.974051713943481445e-01
9.905892014503479004e-01,9.975317120552062988e-01,9.957609176635742188e-01,9.922029376029968262e-01,9.977772235870361328e-01,9.932856559753417969e-01,9.966826438903808594e-01,9.968026876449584961e-01,9.947274923324584961e-01,9.976838827133178711e-01,1.000000000000000000e+00,9.947263002395629883e-01,9.955348968505859375e-01,9.956491589546203613e-01,9.922968149185180664e-01,9.945872426033020020e-01,9.920810461044311523e-01,9.934146404266357422e-01,9.981080293655395508e-01,9.916918277740478516e-01,9.959836006164550781e-01,9.963713884353637695e-01,9.913164377212524414e-01,9.962278604507446289e-01,9.943759441375732422e-01,9.964240789413452148e-01,9.910700321197509766e-01,9.965952634811401367e-01,9.982329607009887695e-01,9.959772229194641113e-01,9.967485666275024414e-01,9.926022887229919434e-01,9.952219724655151367e-01,9.940498471260070801e-01,9.963073134422302246e-01,9.936823248863220215e-01,9.968996047973632812e-01,9.939244389533996582e-01,9.951810240745544434e-01,9.923477172851562500e-01,9.907567501068115234e-01,9.928092360496520996e-01,9.936267137527465820e-01,9.909986257553100586e-01,9.926473498344421387e-01,9.939627051353454590e-01,9.948677420616149902e-01,9.906010627746582031e-01,9.953876733779907227e-01,9.895371794700622559e-01,9.940412640571594238e-01,9.874603748321533203e-01,9.954736828804016113e-01,9.962660670280456543e-01,9.946705102920532227e-01,9.961961507797241211e-01,9.960168004035949707e-01,9.938448071479797363e-01,9.959464073181152344e-01,9.981209635734558105e-01,9.941834807395935059e-01,9.994028806686401367e-01,9.920413494110107422e-01,9.934726953506469727e-01,9.921522140502929688e-01,9.915561676025390625e-01,9.935942888259887695e-01,9.933254122734069824e-01,9.917581081390380859e-01,9.931232333183288574e-01,9.910019636154174805e-01,9.945099353790283203e-01,9.968872070312500000e-01,9.940993189811706543e-01,9.968809485435485840e-01,9.948771595954895020e-01,9.908659458160400391e-01,9.958330988883972168e-01,9.913198947906494141e-01,9.950711131095886230e-01,9.931797981262207031e-01,9.983821511268615723e-01,9.948071241378784180e-01,9.903761744499206543e-01,9.936775565147399902e-01,9.956476092338562012e-01,9.969671964645385742e-01,9.929167628288269043e-01
9.961127042770385742e-01,9.981752038002014160e-01,9.974651336669921875e-01,9.973581433296203613e-01,9.965199828147888184e-01,9.967730641365051270e-01,9.936835765838623047e-01,9.962758421897888184e-01,9.970901012420654297e-01,9.983267188072204590e-01,9.947263002395629883e-01,1.000000000000000000e+00,9.938219785690307617e-01,9.971631169319152832e-01,9.990528225898742676e-01,9.980061650276184082e-01,9.985429644584655762e-01,9.987381100654602051e-01,9.977512359619140625e-01,9.981684088706970215e-01,9.985510110855102539e-01,9.962424635887145996e-01,9.987700581550598145e-01,9.976481199264526367e-01,9.990037083625793457e-01,9.976368546485900879e-01,9.934933185577392578e-01,9.971833229064941406e-01,9.963536858558654785e-01,9.972563385963439941e-01,9.951381683349609375e-01,9.991801977157592773e-01,9.949052929878234863e-01,9.965869188308715820e-01,9.980391860008239746e-01,9.991196393966674805e-01,9.964022636413574219e-01,9.994633197784423828e-01,9.980745911598205566e-01,9.993770122528076172e-01,9.972474575042724609e-01,9.974706172943115234e-01,9.984590411186218262e-01,9.924169182777404785e-01,9.945755600929260254e-01,9.959909319877624512e-01,9.986983537673950195e-01,9.970357418060302734e-01,9.969789385795593262e-01,9.943919181823730469e-01,9.986330270767211914e-01,9.967289566993713379e-01,9.963474869728088379e-01,9.986308813095092773e-01,9.990503191947937012e-01,9.953783750534057617e-01,9.992703199386596680e-01,9.950904846191406250e-01,9.964606165885925293e-01,9.914296269416809082e-01,9.990251064300537109e-01,9.962327480316162109e-01,9.990168213844299316e-01,9.986994266510009766e-01,9.898703098297119141e-01,9.966647624969482422e-01,9.984697699546813965e-01,9.985678791999816895e-01,9.977346062660217285e-01,9.993483424186706543e-01,9.985700249671936035e-01,9.975617527961730957e-01,9.967108368873596191e-01,9.960843324661254883e-01,9.956845641136169434e-01,9.988022446632385254e-01,9.979310631752014160e-01,9.973893165588378906e-01,9.989759922027587891e-01,9.957770705223083496e-01,9.944670200347900391e-01,9.962140917778015137e-01,9.962887167930603027e-01,9.985059499740600586e-01,9.997652173042297363e-01,9.977831840515136719e-01,9.970667958259582520e-01,9.993429780006408691e-01
9.920135140419006348e-01,9.980077743530273438e-01,9.974867701530456543e-01,9.939554333686828613e-01,9.969190955162048340e-01,9.903432726860046387e-01,9.982799887657165527e-01,9.943220615386962891e-01,9.952117204666137695e-01,9.954865574836730957e-01,9.955348968505859375e-01,9.938219785690307617e-01,1.000000000000000000e+00,9.976081848144531250e-01,9.922391772270202637e-01,9.953535199165344238e-01,9.931649565696716309e-01,9.952780604362487793e-01,9.971734881401062012e-01,9.938886165618896484e-01,9.954188466072082520e-01,9.968088269233703613e-01,9.926126003265380859e-01,9.963480234146118164e-01,9.927007555961608887e-01,9.941164851188659668e-01,9.934950470924377441e-01,9.973259568214416504e-01,9.978245496749877930e-01,9.962857365608215332e-01,9.961662292480468750e-01,9.929877519607543945e-01,9.945607781410217285e-01,9.943280220031738281e-01,9.957996606826782227e-01,9.922916889190673828e-01,9.958171248435974121e-01,9.935657978057861328e-01,9.968311786651611328e-01,9.922605752944946289e-01,9.932852983474731445e-01,9.966070055961608887e-01,9.926041364669799805e-01,9.965234398841857910e-01,9.967870116233825684e-01,9.952526688575744629e-01,9.942952990531921387e-01,9.922693967819213867e-01,9.936899542808532715e-01,9.841468334197998047e-01,9.950528740882873535e-01,9.881283044815063477e-01,9.968953132629394531e-01,9.959049224853515625e-01,9.957573413848876953e-01,9.937677979469299316e-01,9.944466948509216309e-01,9.942602515220642090e-01,9.952381253242492676e-01,9.955841898918151855e-01,9.924287199974060059e-01,9.957903623580932617e-01,9.931510686874389648e-01,9.909940958023071289e-01,9.857997298240661621e-01,9.913656115531921387e-01,9.929505586624145508e-01,9.933436512947082520e-01,9.923129081726074219e-01,9.939973354339599609e-01,9.892125725746154785e-01,9.934939742088317871e-01,9.948167204856872559e-01,9.963535666465759277e-01,9.927693009376525879e-01,9.948710799217224121e-01,9.901634454727172852e-01,9.970995187759399414e-01,9.917799234390258789e-01,9.950369000434875488e-01,9.932030439376831055e-01,9.976084828376770020e-01,9.929395914077758789e-01,9.896781444549560547e-01,9.939736723899841309e-01,9.946115016937255859e-01,9.978045821189880371e-01,9.930721521377563477e-01
9.945291876792907715e-01,9.990620017051696777e-01,9.995111227035522461e-01,9.966355562210083008e-01,9.985722303390502930e-01,9.954472780227661133e-01,9.970043897628784180e-01,9.982576370239257812e-01,9.982550144195556641e-01,9.972546100616455078e-01,9.956491589546203613e-01,9.971631169319152832e-01,9.976081848144531250e-01,1.000000000000000000e+00,9.960339665412902832e-01,9.985963106155395508e-01,9.958686828613281250e-01,9.971208572387695312e-01,9.969175457954406738e-01,9.956167936325073242e-01,9.988803863525390625e-01,9.993272423744201660e-01,9.959520697593688965e-01,9.960250854492187500e-01,9.964011907577514648e-01,9.988023638725280762e-01,9.959731101989746094e-01,9.998495578765869141e-01,9.990072846412658691e-01,9.989928007125854492e-01,9.968168139457702637e-01,9.963433146476745605e-01,9.976471066474914551e-01,9.987996816635131836e-01,9.962086081504821777e-01,9.955794811248779297e-01,9.983022809028625488e-01,9.973319172859191895e-01,9.994559288024902344e-01,9.953551292419433594e-01,9.955202341079711914e-01,9.985771179199218750e-01,9.949656128883361816e-01,9.966561198234558105e-01,9.983384013175964355e-01,9.976526498794555664e-01,9.970836043357849121e-01,9.943358302116394043e-01,9.958088397979736328e-01,9.883695840835571289e-01,9.980823993682861328e-01,9.921051263809204102e-01,9.987151622772216797e-01,9.992073178291320801e-01,9.977789521217346191e-01,9.976392984390258789e-01,9.974641799926757812e-01,9.977344274520874023e-01,9.989256858825683594e-01,9.926424622535705566e-01,9.957615137100219727e-01,9.963939189910888672e-01,9.956910610198974609e-01,9.966098070144653320e-01,9.905235767364501953e-01,9.942012429237365723e-01,9.964204430580139160e-01,9.959148168563842773e-01,9.947726726531982422e-01,9.971660971641540527e-01,9.932347536087036133e-01,9.986839294433593750e-01,9.978691339492797852e-01,9.992352724075317383e-01,9.940072298049926758e-01,9.973478913307189941e-01,9.934573769569396973e-01,9.994755387306213379e-01,9.955371618270874023e-01,9.978822469711303711e-01,9.966814517974853516e-01,9.973213076591491699e-01,9.973928332328796387e-01,9.942162632942199707e-01,9.975261092185974121e-01,9.948161840438842773e-01,9.976946711540222168e-01,9.962301254272460938e-01
9.968225955963134766e-01,9.961930513381958008e-01,9.963939785957336426e-01,9.981778860092163086e-01,9.952198863029479980e-01,9.967238306999206543e-01,9.921967983245849609e-01,9.951710700988769531e-01,9.956633448600769043e-01,9.965855479240417480e-01,9.922968149185180664e-01,9.990528225898742676e-01,9.922391772270202637e-01,9.960339665412902832e-01,1.000000000000000000e+00,9.974504113197326660e-01,9.984492063522338867e-01,9.991458058357238770e-01,9.968381524085998535e-01,9.982642531394958496e-01,9.981129765510559082e-01,9.949160814285278320e-01,9.997944831848144531e-01,9.965429306030273438e-01,9.985168576240539551e-01,9.963570237159729004e-01,9.946321845054626465e-01,9.959640502929687500e-01,9.946879148483276367e-01,9.960754513740539551e-01,9.941850304603576660e-01,9.998522400856018066e-01,9.946522712707519531e-01,9.956569671630859375e-01,9.979289770126342773e-01,9.984550476074218750e-01,9.957928657531738281e-01,9.994336366653442383e-01,9.967228770256042480e-01,9.991528391838073730e-01,9.987716078758239746e-01,9.953179955482482910e-01,9.976231455802917480e-01,9.903638362884521484e-01,9.938631653785705566e-01,9.956761002540588379e-01,9.984525442123413086e-01,9.986131191253662109e-01,9.928526878356933594e-01,9.906911253929138184e-01,9.963961243629455566e-01,9.981834888458251953e-01,9.939527511596679688e-01,9.977824091911315918e-01,9.980826377868652344e-01,9.950376152992248535e-01,9.987867474555969238e-01,9.943048357963562012e-01,9.957191944122314453e-01,9.903312325477600098e-01,9.996609091758728027e-01,9.946680068969726562e-01,9.996727705001831055e-01,9.981884360313415527e-01,9.890283942222595215e-01,9.938693046569824219e-01,9.980431795120239258e-01,9.992700219154357910e-01,9.984782934188842773e-01,9.990596771240234375e-01,9.994009137153625488e-01,9.969291090965270996e-01,9.943340420722961426e-01,9.959750771522521973e-01,9.946606159210205078e-01,9.988501071929931641e-01,9.989075064659118652e-01,9.969513416290283203e-01,9.990221261978149414e-01,9.947159290313720703e-01,9.947121739387512207e-01,9.951023459434509277e-01,9.956036806106567383e-01,9.991831779479980469e-01,9.994451403617858887e-01,9.979819059371948242e-01,9.940457940101623535e-01,9.998323321342468262e-01
9.965754151344299316e-01,9.985337853431701660e-01,9.986470341682434082e-01,9.987345933914184570e-01,9.984903931617736816e-01,9.977052807807922363e-01,9.944812655448913574e-01,9.985418319702148438e-01,9.993756413459777832e-01,9.985428452491760254e-01,9.945872426033020020e-01,9.980061650276184082e-01,9.953535199165344238e-01,9.985963106155395508e-01,9.974504113197326660e-01,1.000000000000000000e+00,9.972171783447265625e-01,9.986997842788696289e-01,9.972878098487854004e-01,9.974581599235534668e-01,9.989435076713562012e-01,9.981509447097778320e-01,9.966832995414733887e-01,9.977539181709289551e-01,9.983341097831726074e-01,9.980184435844421387e-01,9.982626438140869141e-01,9.986591935157775879e-01,9.983428120613098145e-01,9.989022612571716309e-01,9.975392818450927734e-01,9.975422620773315430e-01,9.988797307014465332e-01,9.993425607681274414e-01,9.955873489379882812e-01,9.971073269844055176e-01,9.988693594932556152e-01,9.983206987380981445e-01,9.988292455673217773e-01,9.968909621238708496e-01,9.979683756828308105e-01,9.978150129318237305e-01,9.981744885444641113e-01,9.958911538124084473e-01,9.987545609474182129e-01,9.989443421363830566e-01,9.994050264358520508e-01,9.969949722290039062e-01,9.958779215812683105e-01,9.922487139701843262e-01,9.966765642166137695e-01,9.943250417709350586e-01,9.988015294075012207e-01,9.983397722244262695e-01,9.993164539337158203e-01,9.984048008918762207e-01,9.991558194160461426e-01,9.988682866096496582e-01,9.991676807403564453e-01,9.915146827697753906e-01,9.976414442062377930e-01,9.966397881507873535e-01,9.968354105949401855e-01,9.981957674026489258e-01,9.939665794372558594e-01,9.969153404235839844e-01,9.981843233108520508e-01,9.983687400817871094e-01,9.980720281600952148e-01,9.981900453567504883e-01,9.949774742126464844e-01,9.977763891220092773e-01,9.986031651496887207e-01,9.991845488548278809e-01,9.960583448410034180e-01,9.986178278923034668e-01,9.962055087089538574e-01,9.993086457252502441e-01,9.956534504890441895e-01,9.990780949592590332e-01,9.988713264465332031e-01,9.951835870742797852e-01,9.982390403747558594e-01,9.956322908401489258e-01,9.979739785194396973e-01,9.962384104728698730e-01,9.970966577529907227e-01,9.977393746376037598e-01
9.991552233695983887e-01,9.970318675041198730e-01,9.950397610664367676e-01,9.988197684288024902e-01,9.938611984252929688e-01,9.931585192680358887e-01,9.944251179695129395e-01,9.936329126358032227e-01,9.946675300598144531e-01,9.973282217979431152e-01,9.920810461044311523e-01,9.985429644584655762e-01,9.931649565696716309e-01,9.958686828613281250e-01,9.984492063522338867e-01,9.972171783447265625e-01,1.000000000000000000e+00,9.984203577041625977e-01,9.966061711311340332e-01,9.963921308517456055e-01,9.961259365081787109e-01,9.959944486618041992e-01,9.983415007591247559e-01,9.970944523811340332e-01,9.992874860763549805e-01,9.952366352081298828e-01,9.934134483337402344e-01,9.961031079292297363e-01,9.944955110549926758e-01,9.943276047706604004e-01,9.920507669448852539e-01,9.979178309440612793e-01,9.939899444580078125e-01,9.946817159652709961e-01,9.967523217201232910e-01,9.995976090431213379e-01,9.941099286079406738e-01,9.974164366722106934e-01,9.957003593444824219e-01,9.995496869087219238e-01,9.979088902473449707e-01,9.961718320846557617e-01,9.978904128074645996e-01,9.942663311958312988e-01,9.947350025177001953e-01,9.936193227767944336e-01,9.977456927299499512e-01,9.962337613105773926e-01,9.943359494209289551e-01,9.902521967887878418e-01,9.967134594917297363e-01,9.989687204360961914e-01,9.948276877403259277e-01,9.961934685707092285e-01,9.981705546379089355e-01,9.942508935928344727e-01,9.981819391250610352e-01,9.926257133483886719e-01,9.945974349975585938e-01,9.891181588172912598e-01,9.982216954231262207e-01,9.936187863349914551e-01,9.981526136398315430e-01,9.958147406578063965e-01,9.903442859649658203e-01,9.940153956413269043e-01,9.995501041412353516e-01,9.978809952735900879e-01,9.984551072120666504e-01,9.972745180130004883e-01,9.977042675018310547e-01,9.948197007179260254e-01,9.939562082290649414e-01,9.959737658500671387e-01,9.920589923858642578e-01,9.994232654571533203e-01,9.991949200630187988e-01,9.957540035247802734e-01,9.969698190689086914e-01,9.933625459671020508e-01,9.936482906341552734e-01,9.939118623733520508e-01,9.926188588142395020e-01,9.990642666816711426e-01,9.983345270156860352e-01,9.966613650321960449e-01,9.948213696479797363e-01,9.992113709449768066e-01
9.972510933876037598e-01,9.976895451545715332e-01,9.977040290832519531e-01,9.990207552909851074e-01,9.968581199645996094e-01,9.967033267021179199e-01,9.939639568328857422e-01,9.958962798118591309e-01,9.974368810653686523e-01,9.977521896362304688e-01,9.934146404266357422e-01,9.987381100654602051e-01,9.952780604362487793e-01,9.971208572387695312e-01,9.991458058357238770e-01,9.986997842788696289e-01,9.984203577041625977e-01,1.000000000000000000e+00,9.981424808502197266e-01,9.992879033088684082e-01,9.983217716217041016e-01,9.959383010864257812e-01,9.989147186279296875e-01,9.985711574554443359e-01,9.983613491058349609e-01,9.959827065467834473e-01,9.968580603599548340e-01,9.969112873077392578e-01,9.964792728424072266e-01,9.973793029785156250e-01,9.964683651924133301e-01,9.993106722831726074e-01,9.962801337242126465e-01,9.966877698898315430e-01,9.978542923927307129e-01,9.979757666587829590e-01,9.971501231193542480e-01,9.990872740745544434e-01,9.978250265121459961e-01,9.986334443092346191e-01,9.995580911636352539e-01,9.969811439514160156e-01,9.986842870712280273e-01,9.936528205871582031e-01,9.966526627540588379e-01,9.976447224617004395e-01,9.993613362312316895e-01,9.992397427558898926e-01,9.942408800125122070e-01,9.913759231567382812e-01,9.964358210563659668e-01,9.968525171279907227e-01,9.963635802268981934e-01,9.977653622627258301e-01,9.994133114814758301e-01,9.957525730133056641e-01,9.991369843482971191e-01,9.961935877799987793e-01,9.967199563980102539e-01,9.923261404037475586e-01,9.990490078926086426e-01,9.959254860877990723e-01,9.992933869361877441e-01,9.975050687789916992e-01,9.899464249610900879e-01,9.958465695381164551e-01,9.981114268302917480e-01,9.996911287307739258e-01,9.992670416831970215e-01,9.992009401321411133e-01,9.976857304573059082e-01,9.962657094001770020e-01,9.958901405334472656e-01,9.973522424697875977e-01,9.959519505500793457e-01,9.991365671157836914e-01,9.982482790946960449e-01,9.981927275657653809e-01,9.978033304214477539e-01,9.967117905616760254e-01,9.964907765388488770e-01,9.957984089851379395e-01,9.962025880813598633e-01,9.975369572639465332e-01,9.989647269248962402e-01,9.985930919647216797e-01,9.963506460189819336e-01,9.993829727172851562e-01
