1.310591697692871094e+00,1.211374163627624512e+00,1.145812988281250000e+00,1.248714566230773926e+00,1.157384991645812988e+00,1.129456758499145508e+00,1.271114826202392578e+00,1.161264061927795410e+00,1.140606880187988281e+00,1.233630657196044922e+00,1.222428679466247559e+00,1.215445399284362793e+00,1.195900321006774902e+00,1.178650975227355957e+00,1.220541954040527344e+00,1.187430143356323242e+00,1.281303286552429199e+00,1.207723617553710938e+00,1.229007482528686523e+00,1.163345575332641602e+00,1.163497567176818848e+00,1.223167061805725098e+00,1.220100879669189453e+00,1.229572296142578125e+00,1.262012958526611328e+00,1.183146834373474121e+00,1.166084527969360352e+00,1.196460008621215820e+00,1.183674931526184082e+00,1.135371804237365723e+00,1.137097358703613281e+00,1.198763251304626465e+00,1.182565212249755859e+00,1.150534749031066895e+00,1.233063578605651855e+00,1.279035329818725586e+00,1.159713506698608398e+00,1.179206848144531250e+00,1.149468779563903809e+00,1.258897423744201660e+00,1.218024730682373047e+00,1.171665906906127930e+00,1.227246642112731934e+00,1.238624334335327148e+00,1.178328037261962891e+00,1.126716971397399902e+00,1.202366590499877930e+00,1.185013532638549805e+00,1.197777748107910156e+00,1.171305775642395020e+00,1.195207357406616211e+00,1.304904341697692871e+00,1.170841932296752930e+00,1.171570062637329102e+00,1.199888586997985840e+00,1.199379444122314453e+00,1.216269016265869141e+00,1.124498367309570312e+00,1.165215492248535156e+00,1.218726634979248047e+00,1.230612874031066895e+00,1.201405644416809082e+00,1.211649775505065918e+00,1.161442637443542480e+00,1.271247506141662598e+00,1.155585169792175293e+00,1.275615930557250977e+00,1.208506941795349121e+00,1.241536617279052734e+00,1.169323921203613281e+00,1.242671251296997070e+00,1.156744480133056641e+00,1.163014888763427734e+00,1.190822124481201172e+00,1.163391232490539551e+00,1.257442951202392578e+00,1.284723043441772461e+00,1.164076566696166992e+00,1.191417813301086426e+00,1.137365102767944336e+00,1.168985962867736816e+00,1.204004406929016113e+00,1.119076728820800781e+00,1.271835565567016602e+00,1.201087355613708496e+00,1.229281783103942871e+00,1.183357238769531250e+00,1.237324953079223633e+00
1.211374163627624512e+00,1.187380075454711914e+00,1.132221102714538574e+00,1.168115854263305664e+00,1.146423220634460449e+00,1.100122809410095215e+00,1.239022850990295410e+00,1.141912698745727539e+00,1.120720863342285156e+00,1.196020364761352539e+00,1.219022631645202637e+00,1.171075940132141113e+00,1.184497237205505371e+00,1.154940605163574219e+00,1.153671741485595703e+00,1.142184138298034668e+00,1.201969385147094727e+00,1.149780035018920898e+00,1.195791482925415039e+00,1.120913863182067871e+00,1.135921955108642578e+00,1.188427925109863281e+00,1.154111981391906738e+00,1.187443614006042480e+00,1.193524599075317383e+00,1.159877181053161621e+00,1.109155058860778809e+00,1.169325828552246094e+00,1.169775843620300293e+00,1.123732566833496094e+00,1.129329919815063477e+00,1.142810225486755371e+00,1.142504930496215820e+00,1.121965289115905762e+00,1.194285869598388672e+00,1.208840131759643555e+00,1.137139201164245605e+00,1.136742711067199707e+00,1.133349418640136719e+00,1.189285159111022949e+00,1.140477418899536133e+00,1.150371909141540527e+00,1.169519543647766113e+00,1.195276260375976562e+00,1.138682961463928223e+00,1.102758765220642090e+00,1.150708794593811035e+00,1.120546817779541016e+00,1.193180918693542480e+00,1.155802130699157715e+00,1.174259662628173828e+00,1.198243141174316406e+00,1.154711484909057617e+00,1.149055838584899902e+00,1.156277418136596680e+00,1.158999681472778320e+00,1.166999459266662598e+00,1.104031801223754883e+00,1.137754678726196289e+00,1.213231682777404785e+00,1.166872978210449219e+00,1.187716364860534668e+00,1.152582883834838867e+00,1.124699473381042480e+00,1.204057455062866211e+00,1.134739279747009277e+00,1.200675249099731445e+00,1.146371722221374512e+00,1.162056684494018555e+00,1.130460500717163086e+00,1.171674370765686035e+00,1.132834672927856445e+00,1.151864051818847656e+00,1.145742893218994141e+00,1.148511767387390137e+00,1.189819931983947754e+00,1.192337274551391602e+00,1.136057615280151367e+00,1.146455407142639160e+00,1.117852091789245605e+00,1.121436357498168945e+00,1.193690538406372070e+00,1.104493498802185059e+00,1.188383221626281738e+00,1.154883623123168945e+00,1.181136846542358398e+00,1.180089354515075684e+00,1.169215083122253418e+00
1.145812988281250000e+00,1.132221102714538574e+00,1.096570968627929688e+00,1.116081118583679199e+00,1.105412960052490234e+00,1.070016145706176758e+00,1.174990653991699219e+00,1.102125525474548340e+00,1.082079291343688965e+00,1.134867668151855469e+00,1.158812165260314941e+00,1.119741439819335938e+00,1.134741306304931641e+00,1.113281488418579102e+00,1.109948277473449707e+00,1.097725033760070801e+00,1.139897584915161133e+00,1.104497909545898438e+00,1.139504909515380859e+00,1.082983136177062988e+00,1.099128723144531250e+00,1.136064291000366211e+00,1.111706137657165527e+00,1.128108739852905273e+00,1.133162379264831543e+00,1.116995334625244141e+00,1.075465440750122070e+00,1.123140811920166016e+00,1.122062206268310547e+00,1.088929176330566406e+00,1.092207074165344238e+00,1.102347493171691895e+00,1.100402593612670898e+00,1.085636734962463379e+00,1.143176555633544922e+00,1.144422411918640137e+00,1.098616003990173340e+00,1.097548246383666992e+00,1.095723032951354980e+00,1.131198763847351074e+00,1.097462654113769531e+00,1.104202985763549805e+00,1.111781716346740723e+00,1.134163379669189453e+00,1.095829367637634277e+00,1.071662306785583496e+00,1.102729558944702148e+00,1.084145784378051758e+00,1.130258679389953613e+00,1.095908522605895996e+00,1.124347448348999023e+00,1.138376832008361816e+00,1.105761289596557617e+00,1.109932184219360352e+00,1.106136202812194824e+00,1.114121556282043457e+00,1.116018056869506836e+00,1.072110056877136230e+00,1.098957538604736328e+00,1.158042192459106445e+00,1.118250608444213867e+00,1.134583950042724609e+00,1.108874320983886719e+00,1.087233066558837891e+00,1.137820243835449219e+00,1.083761453628540039e+00,1.137941718101501465e+00,1.101379990577697754e+00,1.109035491943359375e+00,1.091703176498413086e+00,1.122310400009155273e+00,1.099350333213806152e+00,1.104248285293579102e+00,1.104776382446289062e+00,1.103636741638183594e+00,1.133176326751708984e+00,1.132831811904907227e+00,1.098781108856201172e+00,1.106568455696105957e+00,1.081267714500427246e+00,1.083513498306274414e+00,1.145493745803833008e+00,1.075205802917480469e+00,1.133218765258789062e+00,1.110472202301025391e+00,1.128931641578674316e+00,1.124987602233886719e+00,1.119152665138244629e+00
1.248714566230773926e+00,1.168115854263305664e+00,1.116081118583679199e+00,1.200276136398315430e+00,1.128140807151794434e+00,1.106229901313781738e+00,1.216951131820678711e+00,1.130551099777221680e+00,1.112709045410156250e+00,1.188032865524291992e+00,1.180835366249084473e+00,1.170700550079345703e+00,1.157039403915405273e+00,1.141125321388244629e+00,1.176706910133361816e+00,1.150307655334472656e+00,1.223347544670104980e+00,1.167340397834777832e+00,1.186133503913879395e+00,1.131581187248229980e+00,1.131151676177978516e+00,1.177299380302429199e+00,1.175327658653259277e+00,1.186330556869506836e+00,1.209361076354980469e+00,1.145083189010620117e+00,1.137334346771240234e+00,1.155976891517639160e+00,1.148206472396850586e+00,1.108669638633728027e+00,1.114152550697326660e+00,1.159202218055725098e+00,1.149284839630126953e+00,1.119826436042785645e+00,1.187950372695922852e+00,1.221836924552917480e+00,1.130759596824645996e+00,1.143132448196411133e+00,1.117791056632995605e+00,1.205532312393188477e+00,1.176827430725097656e+00,1.132726430892944336e+00,1.183190464973449707e+00,1.187801957130432129e+00,1.142786264419555664e+00,1.103909730911254883e+00,1.163817882537841797e+00,1.151539564132690430e+00,1.154307246208190918e+00,1.135765790939331055e+00,1.150764584541320801e+00,1.242844581604003906e+00,1.135331749916076660e+00,1.136173129081726074e+00,1.159744858741760254e+00,1.162272691726684570e+00,1.174287915229797363e+00,1.101357698440551758e+00,1.133216857910156250e+00,1.181848287582397461e+00,1.186410427093505859e+00,1.165138483047485352e+00,1.169317245483398438e+00,1.128701925277709961e+00,1.221980690956115723e+00,1.122794628143310547e+00,1.219680666923522949e+00,1.169365525245666504e+00,1.195691108703613281e+00,1.134631156921386719e+00,1.194188952445983887e+00,1.123492836952209473e+00,1.130680203437805176e+00,1.152818083763122559e+00,1.136451363563537598e+00,1.206547021865844727e+00,1.228776812553405762e+00,1.132028698921203613e+00,1.150656461715698242e+00,1.111926317214965820e+00,1.138933658599853516e+00,1.164784789085388184e+00,1.096956610679626465e+00,1.215645551681518555e+00,1.159044981002807617e+00,1.187398791313171387e+00,1.145356416702270508e+00,1.189809560775756836e+00
1.157384991645812988e+00,1.146423220634460449e+00,1.105412960052490234e+00,1.128140807151794434e+00,1.127669811248779297e+00,1.089733719825744629e+00,1.191675543785095215e+00,1.125592589378356934e+00,1.097653627395629883e+00,1.158344745635986328e+00,1.191218733787536621e+00,1.127390980720520020e+00,1.145546674728393555e+00,1.120999336242675781e+00,1.115672469139099121e+00,1.111967325210571289e+00,1.145570516586303711e+00,1.112977623939514160e+00,1.161034584045410156e+00,1.088100075721740723e+00,1.111294507980346680e+00,1.151053786277770996e+00,1.111668467521667480e+00,1.148912310600280762e+00,1.148339748382568359e+00,1.131437063217163086e+00,1.095179677009582520e+00,1.135443568229675293e+00,1.143683195114135742e+00,1.103014945983886719e+00,1.117971301078796387e+00,1.106973767280578613e+00,1.126089334487915039e+00,1.099407911300659180e+00,1.154812216758728027e+00,1.155376672744750977e+00,1.121829509735107422e+00,1.104655981063842773e+00,1.102144122123718262e+00,1.136409163475036621e+00,1.106031775474548340e+00,1.103250741958618164e+00,1.129875302314758301e+00,1.142135500907897949e+00,1.107940077781677246e+00,1.088356494903564453e+00,1.120169162750244141e+00,1.093743205070495605e+00,1.144781947135925293e+00,1.118329882621765137e+00,1.123377442359924316e+00,1.140420198440551758e+00,1.120838046073913574e+00,1.118859767913818359e+00,1.117328405380249023e+00,1.141007065773010254e+00,1.133505463600158691e+00,1.091341614723205566e+00,1.118155121803283691e+00,1.192500829696655273e+00,1.132413029670715332e+00,1.165482521057128906e+00,1.111472964286804199e+00,1.099246263504028320e+00,1.183102726936340332e+00,1.097313880920410156e+00,1.151201725006103516e+00,1.114989280700683594e+00,1.123793244361877441e+00,1.095710754394531250e+00,1.128165006637573242e+00,1.107078671455383301e+00,1.127447605133056641e+00,1.116855025291442871e+00,1.135911941528320312e+00,1.146525382995605469e+00,1.143793821334838867e+00,1.111626029014587402e+00,1.103505134582519531e+00,1.102445840835571289e+00,1.107844233512878418e+00,1.162193775177001953e+00,1.094264864921569824e+00,1.135981678962707520e+00,1.113516211509704590e+00,1.147630095481872559e+00,1.139204978942871094e+00,1.125928401947021484e+00
1.129456758499145508e+00,1.100122809410095215e+00,1.070016145706176758e+00,1.106229901313781738e+00,1.089733719825744629e+00,1.093564152717590332e+00,1.115300297737121582e+00,1.098002791404724121e+00,1.073290944099426270e+00,1.124703884124755859e+00,1.136567831039428711e+00,1.112453937530517578e+00,1.073344230651855469e+00,1.077826738357543945e+00,1.111203193664550781e+00,1.088359117507934570e+00,1.122624278068542480e+00,1.094630479812622070e+00,1.120405673980712891e+00,1.078803062438964844e+00,1.090849637985229492e+00,1.100776195526123047e+00,1.103562116622924805e+00,1.113249063491821289e+00,1.131298065185546875e+00,1.104585409164428711e+00,1.071722507476806641e+00,1.091105341911315918e+00,1.095062375068664551e+00,1.074178099632263184e+00,1.083378672599792480e+00,1.101478219032287598e+00,1.094070911407470703e+00,1.075679302215576172e+00,1.121811747550964355e+00,1.136906743049621582e+00,1.091521739959716797e+00,1.097286939620971680e+00,1.070866107940673828e+00,1.123801350593566895e+00,1.094404458999633789e+00,1.064084410667419434e+00,1.117287755012512207e+00,1.073131918907165527e+00,1.062630653381347656e+00,1.065913438796997070e+00,1.105183601379394531e+00,1.090855956077575684e+00,1.106205821037292480e+00,1.122133731842041016e+00,1.090723991394042969e+00,1.135616660118103027e+00,1.076387882232666016e+00,1.092177987098693848e+00,1.093801498413085938e+00,1.110605478286743164e+00,1.116160154342651367e+00,1.067084193229675293e+00,1.088303208351135254e+00,1.129976868629455566e+00,1.125414609909057617e+00,1.124974131584167480e+00,1.102887988090515137e+00,1.100847482681274414e+00,1.156402230262756348e+00,1.083486795425415039e+00,1.128884315490722656e+00,1.106767177581787109e+00,1.113719105720520020e+00,1.086614608764648438e+00,1.131787538528442383e+00,1.088416218757629395e+00,1.095520973205566406e+00,1.079221010208129883e+00,1.116815328598022461e+00,1.121074795722961426e+00,1.137470483779907227e+00,1.078755497932434082e+00,1.098705768585205078e+00,1.075249314308166504e+00,1.085394144058227539e+00,1.110866308212280273e+00,1.081154346466064453e+00,1.131861686706542969e+00,1.100537896156311035e+00,1.124436736106872559e+00,1.089036464691162109e+00,1.115367889404296875e+00
1.271114826202392578e+00,1.239022850990295410e+00,1.174990653991699219e+00,1.216951131820678711e+00,1.191675543785095215e+00,1.115300297737121582e+00,1.328617811203002930e+00,1.182509064674377441e+00,1.147579312324523926e+00,1.240003466606140137e+00,1.282545328140258789e+00,1.204112052917480469e+00,1.257388472557067871e+00,1.208379030227661133e+00,1.190793752670288086e+00,1.178912639617919922e+00,1.250771999359130859e+00,1.189222812652587891e+00,1.251627922058105469e+00,1.144704580307006836e+00,1.173983573913574219e+00,1.252106904983520508e+00,1.194771885871887207e+00,1.232604622840881348e+00,1.234753608703613281e+00,1.203748464584350586e+00,1.151946783065795898e+00,1.225873112678527832e+00,1.224539518356323242e+00,1.159106373786926270e+00,1.169467449188232422e+00,1.176283240318298340e+00,1.190308690071105957e+00,1.155625224113464355e+00,1.252916574478149414e+00,1.252169370651245117e+00,1.180536985397338867e+00,1.166034460067749023e+00,1.170577883720397949e+00,1.227358698844909668e+00,1.180994987487792969e+00,1.187496662139892578e+00,1.195891737937927246e+00,1.261709690093994141e+00,1.188970327377319336e+00,1.133520841598510742e+00,1.183201432228088379e+00,1.151314496994018555e+00,1.221818923950195312e+00,1.144922852516174316e+00,1.213495492935180664e+00,1.245082497596740723e+00,1.194880247116088867e+00,1.192145824432373047e+00,1.189706325531005859e+00,1.210349202156066895e+00,1.204110622406005859e+00,1.134395122528076172e+00,1.181218504905700684e+00,1.289772510528564453e+00,1.205399751663208008e+00,1.239667534828186035e+00,1.188683748245239258e+00,1.142843723297119141e+00,1.253691196441650391e+00,1.140039682388305664e+00,1.247182369232177734e+00,1.180030345916748047e+00,1.197867274284362793e+00,1.156245827674865723e+00,1.204828858375549316e+00,1.171177148818969727e+00,1.184175968170166016e+00,1.199885487556457520e+00,1.178983211517333984e+00,1.240909576416015625e+00,1.234687805175781250e+00,1.182338118553161621e+00,1.176786184310913086e+00,1.149953961372375488e+00,1.160468339920043945e+00,1.261000037193298340e+00,1.129957318305969238e+00,1.229450106620788574e+00,1.189354181289672852e+00,1.228609085083007812e+00,1.223215222358703613e+00,1.208743691444396973e+00
1.161264061927795410e+00,1.141912698745727539e+00,1.102125525474548340e+00,1.130551099777221680e+00,1.125592589378356934e+00,1.098002791404724121e+00,1.182509064674377441e+00,1.134112834930419922e+00,1.098937153816223145e+00,1.157776117324829102e+00,1.186297178268432617e+00,1.128571152687072754e+00,1.127031326293945312e+00,1.121594905853271484e+00,1.118484139442443848e+00,1.115616917610168457e+00,1.146877408027648926e+00,1.108155012130737305e+00,1.151000380516052246e+00,1.079092383384704590e+00,1.114208459854125977e+00,1.155943632125854492e+00,1.111631512641906738e+00,1.137647271156311035e+00,1.154892921447753906e+00,1.142170667648315430e+00,1.096907973289489746e+00,1.138147354125976562e+00,1.141323208808898926e+00,1.102859973907470703e+00,1.110547900199890137e+00,1.106726408004760742e+00,1.132826089859008789e+00,1.108311891555786133e+00,1.145320415496826172e+00,1.159340262413024902e+00,1.123546004295349121e+00,1.106444239616394043e+00,1.100697278976440430e+00,1.137009739875793457e+00,1.103272676467895508e+00,1.098500728607177734e+00,1.128252029418945312e+00,1.136981844902038574e+00,1.106242895126342773e+00,1.086624145507812500e+00,1.120903611183166504e+00,1.087820291519165039e+00,1.142641544342041016e+00,1.120961427688598633e+00,1.123056888580322266e+00,1.146058917045593262e+00,1.119308352470397949e+00,1.121220469474792480e+00,1.113822817802429199e+00,1.151916623115539551e+00,1.135851025581359863e+00,1.095770359039306641e+00,1.125435113906860352e+00,1.174127817153930664e+00,1.134861588478088379e+00,1.160576105117797852e+00,1.107375025749206543e+00,1.109422087669372559e+00,1.203118801116943359e+00,1.094648718833923340e+00,1.157590389251708984e+00,1.113329410552978516e+00,1.123129487037658691e+00,1.093740940093994141e+00,1.130958199501037598e+00,1.117532372474670410e+00,1.131309270858764648e+00,1.121161103248596191e+00,1.130308270454406738e+00,1.148087501525878906e+00,1.146998882293701172e+00,1.111469507217407227e+00,1.102937221527099609e+00,1.104514718055725098e+00,1.114851355552673340e+00,1.151969671249389648e+00,1.101370930671691895e+00,1.143046617507934570e+00,1.114678859710693359e+00,1.137007474899291992e+00,1.127902865409851074e+00,1.126813888549804688e+00
1.140606880187988281e+00,1.120720863342285156e+00,1.082079291343688965e+00,1.112709045410156250e+00,1.097653627395629883e+00,1.073290944099426270e+00,1.147579312324523926e+00,1.098937153816223145e+00,1.084229230880737305e+00,1.133858799934387207e+00,1.143987894058227539e+00,1.110436677932739258e+00,1.109542369842529297e+00,1.096630811691284180e+00,1.097663521766662598e+00,1.097631573677062988e+00,1.130608677864074707e+00,1.096094727516174316e+00,1.126026391983032227e+00,1.076093196868896484e+00,1.087776660919189453e+00,1.122591376304626465e+00,1.093528985977172852e+00,1.124576330184936523e+00,1.131415724754333496e+00,1.105340957641601562e+00,1.078248620033264160e+00,1.108361482620239258e+00,1.111753225326538086e+00,1.081216931343078613e+00,1.087593197822570801e+00,1.089322209358215332e+00,1.101677656173706055e+00,1.084793806076049805e+00,1.117438077926635742e+00,1.137935400009155273e+00,1.093830466270446777e+00,1.087532997131347656e+00,1.083661556243896484e+00,1.121868133544921875e+00,1.091635107994079590e+00,1.093009352684020996e+00,1.118395447731018066e+00,1.126338601112365723e+00,1.092652082443237305e+00,1.070872902870178223e+00,1.103959083557128906e+00,1.077815055847167969e+00,1.129589915275573730e+00,1.117163181304931641e+00,1.106463313102722168e+00,1.127482771873474121e+00,1.104523301124572754e+00,1.093165278434753418e+00,1.103853464126586914e+00,1.112043023109436035e+00,1.113127350807189941e+00,1.075087070465087891e+00,1.094554901123046875e+00,1.134321331977844238e+00,1.109919548034667969e+00,1.125711798667907715e+00,1.093608140945434570e+00,1.086133599281311035e+00,1.157055735588073730e+00,1.097031831741333008e+00,1.135366320610046387e+00,1.097606897354125977e+00,1.111034631729125977e+00,1.082237839698791504e+00,1.108978986740112305e+00,1.084595203399658203e+00,1.107223272323608398e+00,1.095800042152404785e+00,1.104173541069030762e+00,1.124775290489196777e+00,1.127601623535156250e+00,1.087679982185363770e+00,1.086836457252502441e+00,1.084105849266052246e+00,1.089793920516967773e+00,1.116641521453857422e+00,1.073733091354370117e+00,1.120422482490539551e+00,1.096871018409729004e+00,1.115757465362548828e+00,1.115396261215209961e+00,1.108528494834899902e+00
1.233630657196044922e+00,1.196020364761352539e+00,1.134867668151855469e+00,1.188032865524291992e+00,1.158344745635986328e+00,1.124703884124755859e+00,1.240003466606140137e+00,1.157776117324829102e+00,1.133858799934387207e+00,1.218689560890197754e+00,1.235948443412780762e+00,1.187996149063110352e+00,1.179072856903076172e+00,1.155506134033203125e+00,1.172608375549316406e+00,1.157914638519287109e+00,1.220100879669189453e+00,1.165959000587463379e+00,1.213285923004150391e+00,1.135991692543029785e+00,1.147501468658447266e+00,1.194355726242065430e+00,1.167456746101379395e+00,1.208808898925781250e+00,1.218563079833984375e+00,1.170616149902343750e+00,1.126552700996398926e+00,1.173791646957397461e+00,1.179025053977966309e+00,1.131981849670410156e+00,1.144477963447570801e+00,1.159244298934936523e+00,1.160715579986572266e+00,1.132818698883056641e+00,1.206605195999145508e+00,1.232035517692565918e+00,1.152516722679138184e+00,1.152493119239807129e+00,1.136756062507629395e+00,1.209566354751586914e+00,1.160068988800048828e+00,1.149240732192993164e+00,1.198389887809753418e+00,1.194016337394714355e+00,1.143821120262145996e+00,1.115735292434692383e+00,1.174123764038085938e+00,1.141903519630432129e+00,1.206355214118957520e+00,1.191929697990417480e+00,1.175883293151855469e+00,1.222103953361511230e+00,1.162323117256164551e+00,1.156084299087524414e+00,1.172623395919799805e+00,1.178708910942077637e+00,1.189740061759948730e+00,1.117169141769409180e+00,1.150329947471618652e+00,1.228441834449768066e+00,1.191767811775207520e+00,1.208429098129272461e+00,1.168098568916320801e+00,1.145601153373718262e+00,1.245439648628234863e+00,1.155900955200195312e+00,1.223463058471679688e+00,1.170051455497741699e+00,1.189579248428344727e+00,1.143684267997741699e+00,1.195990800857543945e+00,1.139671564102172852e+00,1.168561339378356934e+00,1.152638554573059082e+00,1.177152276039123535e+00,1.209413528442382812e+00,1.220879197120666504e+00,1.143608450889587402e+00,1.156886816024780273e+00,1.132731556892395020e+00,1.142226934432983398e+00,1.198709487915039062e+00,1.120246410369873047e+00,1.209547042846679688e+00,1.167433857917785645e+00,1.203955173492431641e+00,1.186731338500976562e+00,1.188709855079650879e+00
1.222428679466247559e+00,1.219022631645202637e+00,1.158812165260314941e+00,1.180835366249084473e+00,1.191218733787536621e+00,1.136567831039428711e+00,1.282545328140258789e+00,1.186297178268432617e+00,1.143987894058227539e+00,1.235948443412780762e+00,1.291854977607727051e+00,1.194471001625061035e+00,1.216060161590576172e+00,1.178662300109863281e+00,1.173252344131469727e+00,1.161420583724975586e+00,1.212723851203918457e+00,1.166234374046325684e+00,1.242815732955932617e+00,1.134165644645690918e+00,1.168219566345214844e+00,1.219902753829956055e+00,1.168145179748535156e+00,1.221603631973266602e+00,1.218097567558288574e+00,1.198162317276000977e+00,1.128659605979919434e+00,1.199561715126037598e+00,1.213485240936279297e+00,1.155115127563476562e+00,1.177152872085571289e+00,1.162320733070373535e+00,1.179033160209655762e+00,1.143740653991699219e+00,1.237725734710693359e+00,1.231154322624206543e+00,1.179842829704284668e+00,1.159887790679931641e+00,1.154322147369384766e+00,1.204501032829284668e+00,1.151136159896850586e+00,1.154383659362792969e+00,1.192202091217041016e+00,1.198840141296386719e+00,1.149523496627807617e+00,1.128681421279907227e+00,1.176653385162353516e+00,1.138134837150573730e+00,1.223101139068603516e+00,1.187472224235534668e+00,1.190534472465515137e+00,1.204069137573242188e+00,1.176981449127197266e+00,1.181348204612731934e+00,1.173738241195678711e+00,1.203652739524841309e+00,1.198756456375122070e+00,1.131360650062561035e+00,1.172261834144592285e+00,1.293715119361877441e+00,1.198573827743530273e+00,1.251374006271362305e+00,1.169496774673461914e+00,1.151766061782836914e+00,1.259241580963134766e+00,1.147990584373474121e+00,1.219652891159057617e+00,1.169941663742065430e+00,1.178146362304687500e+00,1.146872043609619141e+00,1.196503281593322754e+00,1.162598371505737305e+00,1.190563678741455078e+00,1.165230631828308105e+00,1.208940625190734863e+00,1.214189410209655762e+00,1.210582375526428223e+00,1.164120078086853027e+00,1.162669658660888672e+00,1.149142742156982422e+00,1.150042057037353516e+00,1.249508857727050781e+00,1.142239212989807129e+00,1.202875018119812012e+00,1.173122286796569824e+00,1.224187374114990234e+00,1.212473154067993164e+00,1.187708020210266113e+00
1.215445399284362793e+00,1.171075940132141113e+00,1.119741439819335938e+00,1.170700550079345703e+00,1.127390980720520020e+00,1.112453937530517578e+00,1.204112052917480469e+00,1.128571152687072754e+00,1.110436677932739258e+00,1.187996149063110352e+00,1.194471001625061035e+00,1.185213804244995117e+00,1.148389101028442383e+00,1.138003826141357422e+00,1.176476716995239258e+00,1.136696815490722656e+00,1.213506340980529785e+00,1.157451391220092773e+00,1.186516165733337402e+00,1.135092258453369141e+00,1.136351823806762695e+00,1.165503978729248047e+00,1.177247524261474609e+00,1.180155277252197266e+00,1.203468799591064453e+00,1.154978990554809570e+00,1.095689415931701660e+00,1.151155948638916016e+00,1.144461393356323242e+00,1.112490296363830566e+00,1.110357642173767090e+00,1.164042592048645020e+00,1.123060703277587891e+00,1.111661434173583984e+00,1.198879003524780273e+00,1.223307967185974121e+00,1.122363805770874023e+00,1.152877807617187500e+00,1.125195264816284180e+00,1.210002422332763672e+00,1.152230978012084961e+00,1.140097856521606445e+00,1.179310917854309082e+00,1.157436490058898926e+00,1.112374782562255859e+00,1.092348098754882812e+00,1.155357599258422852e+00,1.138771295547485352e+00,1.183091402053833008e+00,1.174935579299926758e+00,1.175619602203369141e+00,1.228602886199951172e+00,1.130971431732177734e+00,1.147784948348999023e+00,1.157031893730163574e+00,1.143488168716430664e+00,1.172612905502319336e+00,1.088478446006774902e+00,1.123242974281311035e+00,1.184340476989746094e+00,1.185737609863281250e+00,1.171578407287597656e+00,1.174567341804504395e+00,1.142171978950500488e+00,1.186732530593872070e+00,1.137494444847106934e+00,1.207122325897216797e+00,1.160486459732055664e+00,1.174892663955688477e+00,1.145623087882995605e+00,1.206579566001892090e+00,1.134810447692871094e+00,1.135768413543701172e+00,1.128532290458679199e+00,1.145612955093383789e+00,1.193680286407470703e+00,1.216469526290893555e+00,1.123812675476074219e+00,1.173460721969604492e+00,1.101731777191162109e+00,1.107514739036560059e+00,1.178071975708007812e+00,1.101319193840026855e+00,1.217682003974914551e+00,1.170699357986450195e+00,1.188720822334289551e+00,1.159984230995178223e+00,1.188147187232971191e+00
1.195900321006774902e+00,1.184497237205505371e+00,1.134741306304931641e+00,1.157039403915405273e+00,1.145546674728393555e+00,1.073344230651855469e+00,1.257388472557067871e+00,1.127031326293945312e+00,1.109542369842529297e+00,1.179072856903076172e+00,1.216060161590576172e+00,1.148389101028442383e+00,1.214851140975952148e+00,1.156541585922241211e+00,1.134266853332519531e+00,1.129336237907409668e+00,1.183321714401245117e+00,1.143349051475524902e+00,1.196507334709167480e+00,1.114103436470031738e+00,1.124990582466125488e+00,1.185058832168579102e+00,1.140532016754150391e+00,1.184106826782226562e+00,1.165545463562011719e+00,1.140339493751525879e+00,1.110523819923400879e+00,1.167167186737060547e+00,1.171572685241699219e+00,1.119194388389587402e+00,1.133780360221862793e+00,1.127054810523986816e+00,1.134992837905883789e+00,1.107570052146911621e+00,1.194976806640625000e+00,1.180981159210205078e+00,1.132287263870239258e+00,1.118378639221191406e+00,1.129626631736755371e+00,1.165267109870910645e+00,1.133875012397766113e+00,1.147698760032653809e+00,1.145119905471801758e+00,1.206666946411132812e+00,1.145701408386230469e+00,1.100987792015075684e+00,1.133355259895324707e+00,1.113656282424926758e+00,1.170373201370239258e+00,1.103451967239379883e+00,1.160509228706359863e+00,1.171201705932617188e+00,1.150372147560119629e+00,1.139825463294982910e+00,1.144337177276611328e+00,1.144813060760498047e+00,1.147107362747192383e+00,1.096341609954833984e+00,1.127832174301147461e+00,1.234006285667419434e+00,1.145349502563476562e+00,1.182696342468261719e+00,1.140311360359191895e+00,1.092446804046630859e+00,1.167212724685668945e+00,1.107887983322143555e+00,1.175749063491821289e+00,1.131593108177185059e+00,1.144305348396301270e+00,1.115701198577880859e+00,1.142939805984497070e+00,1.115578413009643555e+00,1.134736299514770508e+00,1.145604133605957031e+00,1.135997414588928223e+00,1.175636172294616699e+00,1.166170358657836914e+00,1.136209249496459961e+00,1.128033638000488281e+00,1.110353469848632812e+00,1.111735582351684570e+00,1.204546689987182617e+00,1.088078260421752930e+00,1.158498048782348633e+00,1.137103319168090820e+00,1.177008628845214844e+00,1.180968046188354492e+00,1.150508999824523926e+00
1.178650975227355957e+00,1.154940605163574219e+00,1.113281488418579102e+00,1.141125321388244629e+00,1.120999336242675781e+00,1.077826738357543945e+00,1.208379030227661133e+00,1.121594905853271484e+00,1.096630811691284180e+00,1.155506134033203125e+00,1.178662300109863281e+00,1.138003826141357422e+00,1.156541585922241211e+00,1.138141989707946777e+00,1.127721786499023438e+00,1.118087053298950195e+00,1.167622685432434082e+00,1.120409727096557617e+00,1.156013965606689453e+00,1.090225934982299805e+00,1.115564346313476562e+00,1.167731285095214844e+00,1.130166649818420410e+00,1.143050193786621094e+00,1.158195734024047852e+00,1.141172528266906738e+00,1.092928051948547363e+00,1.149872064590454102e+00,1.143089413642883301e+00,1.103451609611511230e+00,1.100866556167602539e+00,1.116812825202941895e+00,1.122458219528198242e+00,1.106607675552368164e+00,1.160044074058532715e+00,1.170192241668701172e+00,1.114702820777893066e+00,1.111550688743591309e+00,1.113185286521911621e+00,1.152860999107360840e+00,1.114248871803283691e+00,1.125801086425781250e+00,1.126566886901855469e+00,1.169421195983886719e+00,1.120307087898254395e+00,1.082704067230224609e+00,1.118336677551269531e+00,1.092637777328491211e+00,1.149769306182861328e+00,1.100777268409729004e+00,1.147487640380859375e+00,1.166318178176879883e+00,1.127216100692749023e+00,1.129057765007019043e+00,1.122883439064025879e+00,1.138859272003173828e+00,1.134000420570373535e+00,1.087054967880249023e+00,1.120297193527221680e+00,1.170993089675903320e+00,1.134933233261108398e+00,1.149390697479248047e+00,1.123241901397705078e+00,1.101181745529174805e+00,1.168694257736206055e+00,1.093335509300231934e+00,1.166465759277343750e+00,1.114780902862548828e+00,1.126582145690917969e+00,1.103869915008544922e+00,1.138400673866271973e+00,1.120643973350524902e+00,1.121911644935607910e+00,1.131316423416137695e+00,1.108027100563049316e+00,1.158002018928527832e+00,1.155492067337036133e+00,1.117688655853271484e+00,1.121189117431640625e+00,1.095795392990112305e+00,1.102514505386352539e+00,1.163793563842773438e+00,1.087014317512512207e+00,1.158268213272094727e+00,1.128478765487670898e+00,1.140368461608886719e+00,1.141695022583007812e+00,1.138612508773803711e+00
1.220541954040527344e+00,1.153671741485595703e+00,1.109948277473449707e+00,1.176706910133361816e+00,1.115672469139099121e+00,1.111203193664550781e+00,1.190793752670288086e+00,1.118484139442443848e+00,1.097663521766662598e+00,1.172608375549316406e+00,1.173252344131469727e+00,1.176476716995239258e+00,1.134266853332519531e+00,1.127721786499023438e+00,1.183533310890197754e+00,1.131214380264282227e+00,1.211883783340454102e+00,1.160012483596801758e+00,1.178045511245727539e+00,1.135051488876342773e+00,1.131856203079223633e+00,1.153561711311340332e+00,1.184951066970825195e+00,1.170078516006469727e+00,1.198567867279052734e+00,1.143441200256347656e+00,1.104396700859069824e+00,1.140120744705200195e+00,1.129677176475524902e+00,1.101776599884033203e+00,1.101531505584716797e+00,1.168805360794067383e+00,1.120100617408752441e+00,1.103041887283325195e+00,1.197118043899536133e+00,1.216922640800476074e+00,1.116425514221191406e+00,1.151789426803588867e+00,1.113061428070068359e+00,1.207292914390563965e+00,1.164118051528930664e+00,1.121254086494445801e+00,1.171490907669067383e+00,1.139339327812194824e+00,1.105563282966613770e+00,1.088873505592346191e+00,1.152465701103210449e+00,1.151103734970092773e+00,1.147689580917358398e+00,1.143023729324340820e+00,1.156092166900634766e+00,1.239914417266845703e+00,1.110078334808349609e+00,1.139861345291137695e+00,1.148116111755371094e+00,1.139795064926147461e+00,1.167738318443298340e+00,1.081056594848632812e+00,1.116199374198913574e+00,1.174262762069702148e+00,1.190198063850402832e+00,1.157639741897583008e+00,1.179197311401367188e+00,1.137067556381225586e+00,1.178802251815795898e+00,1.113248109817504883e+00,1.202721953392028809e+00,1.165504217147827148e+00,1.180262446403503418e+00,1.142374515533447266e+00,1.212671279907226562e+00,1.128683924674987793e+00,1.115032792091369629e+00,1.126778721809387207e+00,1.136198401451110840e+00,1.193240404129028320e+00,1.223780632019042969e+00,1.119311928749084473e+00,1.173006176948547363e+00,1.092006206512451172e+00,1.108729124069213867e+00,1.167926907539367676e+00,1.094747424125671387e+00,1.222492098808288574e+00,1.167190909385681152e+00,1.189540982246398926e+00,1.133857607841491699e+00,1.191386580467224121e+00
1.187430143356323242e+00,1.142184138298034668e+00,1.097725033760070801e+00,1.150307655334472656e+00,1.111967325210571289e+00,1.088359117507934570e+00,1.178912639617919922e+00,1.115616917610168457e+00,1.097631573677062988e+00,1.157914638519287109e+00,1.161420583724975586e+00,1.136696815490722656e+00,1.129336237907409668e+00,1.118087053298950195e+00,1.131214380264282227e+00,1.121442794799804688e+00,1.170549035072326660e+00,1.125245451927185059e+00,1.150758743286132812e+00,1.097274422645568848e+00,1.107742190361022949e+00,1.149567008018493652e+00,1.127933144569396973e+00,1.149153470993041992e+00,1.165996670722961426e+00,1.126280307769775391e+00,1.103713512420654297e+00,1.131596088409423828e+00,1.129195928573608398e+00,1.094346761703491211e+00,1.098554730415344238e+00,1.118485450744628906e+00,1.124398589134216309e+00,1.102787017822265625e+00,1.146495819091796875e+00,1.174621820449829102e+00,1.111086726188659668e+00,1.111459732055664062e+00,1.099609136581420898e+00,1.157360196113586426e+00,1.126367568969726562e+00,1.111089229583740234e+00,1.145050406455993652e+00,1.154673933982849121e+00,1.115430593490600586e+00,1.085137248039245605e+00,1.129365801811218262e+00,1.106544494628906250e+00,1.141997694969177246e+00,1.125069856643676758e+00,1.127392292022705078e+00,1.176594257354736328e+00,1.119586586952209473e+00,1.113470315933227539e+00,1.127365350723266602e+00,1.136901378631591797e+00,1.139772415161132812e+00,1.088169932365417480e+00,1.113966226577758789e+00,1.153169631958007812e+00,1.142301559448242188e+00,1.143097281455993652e+00,1.124465107917785645e+00,1.106083512306213379e+00,1.189260840415954590e+00,1.107704043388366699e+00,1.172854423522949219e+00,1.126938939094543457e+00,1.145825624465942383e+00,1.104073166847229004e+00,1.144660115242004395e+00,1.104717612266540527e+00,1.119689702987670898e+00,1.122544646263122559e+00,1.116855025291442871e+00,1.160256743431091309e+00,1.170163035392761230e+00,1.107947468757629395e+00,1.113812685012817383e+00,1.097426414489746094e+00,1.112454295158386230e+00,1.137562632560729980e+00,1.085731625556945801e+00,1.161778569221496582e+00,1.123869657516479492e+00,1.143924117088317871e+00,1.128348469734191895e+00,1.142878293991088867e+00
1.281303286552429199e+00,1.201969385147094727e+00,1.139897584915161133e+00,1.223347544670104980e+00,1.145570516586303711e+00,1.122624278068542480e+00,1.250771999359130859e+00,1.146877408027648926e+00,1.130608677864074707e+00,1.220100879669189453e+00,1.212723851203918457e+00,1.213506340980529785e+00,1.183321714401245117e+00,1.167622685432434082e+00,1.211883783340454102e+00,1.170549035072326660e+00,1.266100645065307617e+00,1.195243120193481445e+00,1.217390179634094238e+00,1.160691976547241211e+00,1.156532764434814453e+00,1.203872442245483398e+00,1.214114665985107422e+00,1.215971708297729492e+00,1.246280670166015625e+00,1.175348639488220215e+00,1.135463476181030273e+00,1.182568073272705078e+00,1.169348478317260742e+00,1.128423690795898438e+00,1.124906063079833984e+00,1.193951368331909180e+00,1.155832886695861816e+00,1.136158466339111328e+00,1.228569746017456055e+00,1.267737627029418945e+00,1.143613338470458984e+00,1.176236033439636230e+00,1.145792961120605469e+00,1.251884937286376953e+00,1.198199748992919922e+00,1.169683218002319336e+00,1.215006709098815918e+00,1.213395714759826660e+00,1.154153943061828613e+00,1.112925052642822266e+00,1.187848210334777832e+00,1.172508835792541504e+00,1.201413631439208984e+00,1.180614233016967773e+00,1.200029730796813965e+00,1.287751317024230957e+00,1.158694744110107422e+00,1.167863726615905762e+00,1.190133571624755859e+00,1.174487352371215820e+00,1.203974962234497070e+00,1.108255863189697266e+00,1.148089766502380371e+00,1.205332756042480469e+00,1.219475507736206055e+00,1.190127730369567871e+00,1.207798004150390625e+00,1.158510446548461914e+00,1.231165289878845215e+00,1.155756592750549316e+00,1.256577491760253906e+00,1.195196032524108887e+00,1.221352458000183105e+00,1.168755888938903809e+00,1.239795446395874023e+00,1.152316331863403320e+00,1.153149008750915527e+00,1.168051838874816895e+00,1.155656933784484863e+00,1.239303588867187500e+00,1.267461299896240234e+00,1.150581240653991699e+00,1.197152256965637207e+00,1.121945142745971680e+00,1.141094923019409180e+00,1.199235439300537109e+00,1.111010551452636719e+00,1.262784123420715332e+00,1.199208855628967285e+00,1.219789981842041016e+00,1.181640148162841797e+00,1.227492570877075195e+00
1.207723617553710938e+00,1.149780035018920898e+00,1.104497909545898438e+00,1.167340397834777832e+00,1.112977623939514160e+00,1.094630479812622070e+00,1.189222812652587891e+00,1.108155012130737305e+00,1.096094727516174316e+00,1.165959000587463379e+00,1.166234374046325684e+00,1.157451391220092773e+00,1.143349051475524902e+00,1.120409727096557617e+00,1.160012483596801758e+00,1.125245451927185059e+00,1.195243120193481445e+00,1.150733470916748047e+00,1.172542572021484375e+00,1.127193212509155273e+00,1.117198467254638672e+00,1.145719528198242188e+00,1.161214828491210938e+00,1.170621633529663086e+00,1.180869460105895996e+00,1.123909711837768555e+00,1.106624603271484375e+00,1.131642341613769531e+00,1.128271818161010742e+00,1.096277117729187012e+00,1.104248881340026855e+00,1.147890329360961914e+00,1.117328166961669922e+00,1.095264673233032227e+00,1.180094480514526367e+00,1.196521520614624023e+00,1.111376762390136719e+00,1.132501006126403809e+00,1.105871796607971191e+00,1.186558365821838379e+00,1.154277443885803223e+00,1.118767142295837402e+00,1.163950681686401367e+00,1.150567650794982910e+00,1.112519145011901855e+00,1.088933706283569336e+00,1.143647551536560059e+00,1.139931678771972656e+00,1.142933607101440430e+00,1.132382273674011230e+00,1.140024185180664062e+00,1.212395548820495605e+00,1.113866806030273438e+00,1.123319268226623535e+00,1.142817735671997070e+00,1.129380822181701660e+00,1.154260396957397461e+00,1.080471277236938477e+00,1.108171463012695312e+00,1.174632549285888672e+00,1.168696522712707520e+00,1.151767373085021973e+00,1.159633398056030273e+00,1.114960908889770508e+00,1.170133113861083984e+00,1.113410711288452148e+00,1.186891198158264160e+00,1.152615785598754883e+00,1.170443296432495117e+00,1.127153515815734863e+00,1.181956410408020020e+00,1.106736660003662109e+00,1.111663579940795898e+00,1.121893525123596191e+00,1.130610227584838867e+00,1.179229736328125000e+00,1.201879143714904785e+00,1.113281607627868652e+00,1.146433115005493164e+00,1.092310547828674316e+00,1.107215523719787598e+00,1.157354116439819336e+00,1.083359718322753906e+00,1.192350745201110840e+00,1.146784186363220215e+00,1.178242921829223633e+00,1.136757493019104004e+00,1.171240091323852539e+00
