1.000000000000000000e+00,6.653658151626586914e-01,5.249405503273010254e-01,9.508998990058898926e-01,5.476683378219604492e-01,6.625264883041381836e-01,7.077453136444091797e-01,5.504854917526245117e-01,5.643239617347717285e-01,7.536346316337585449e-01,5.403586030006408691e-01,7.252836823463439941e-01,5.395864248275756836e-01,5.794508457183837891e-01,8.184059858322143555e-01,7.581650614738464355e-01,9.229856729507446289e-01,8.292822837829589844e-01,8.056690096855163574e-01,6.572280526161193848e-01,6.358265876770019531e-01,6.483497619628906250e-01,7.497702240943908691e-01,7.980458140373229980e-01,8.975778818130493164e-01,5.475298166275024414e-01,6.740095615386962891e-01,6.157945990562438965e-01,5.610051155090332031e-01,5.222614407539367676e-01,5.308060646057128906e-01,7.575163841247558594e-01,6.443667411804199219e-01,5.914023518562316895e-01,7.753412127494812012e-01,8.649511933326721191e-01,6.054218411445617676e-01,7.082410454750061035e-01,5.363017320632934570e-01,8.283727169036865234e-01,8.746002912521362305e-01,5.362945199012756348e-01,8.205590248107910156e-01,6.583867669105529785e-01,6.110585331916809082e-01,5.730015635490417480e-01,8.405539989471435547e-01,7.973021268844604492e-01,4.253259003162384033e-01,3.511672317981719971e-01,5.242615342140197754e-01,8.617657423019409180e-01,5.305609703063964844e-01,5.831496119499206543e-01,7.565963268280029297e-01,6.448306441307067871e-01,8.370559215545654297e-01,5.276231765747070312e-01,5.960125327110290527e-01,6.372239589691162109e-01,8.858347535133361816e-01,6.391428709030151367e-01,7.539530396461486816e-01,6.622382402420043945e-01,5.535618662834167480e-01,4.705067574977874756e-01,9.290925860404968262e-01,8.814445734024047852e-01,9.410682320594787598e-01,6.613723635673522949e-01,7.550896406173706055e-01,5.169070959091186523e-01,5.145121812820434570e-01,6.836679577827453613e-01,6.672290563583374023e-01,9.317696690559387207e-01,9.396912455558776855e-01,6.232526898384094238e-01,5.802460908889770508e-01,5.507078170776367188e-01,6.829906105995178223e-01,6.001117825508117676e-01,5.301358103752136230e-01,8.053678870201110840e-01,7.040140628814697266e-01,8.803101778030395508e-01,5.080181360244750977e-01,8.604673743247985840e-01
6.653658151626586914e-01,1.000000000000000000e+00,9.202449917793273926e-01,7.894227504730224609e-01,9.470575451850891113e-01,9.788459539413452148e-01,9.011902213096618652e-01,9.218035936355590820e-01,9.691407680511474609e-01,9.493507146835327148e-01,8.969791531562805176e-01,8.704599738121032715e-01,8.775002956390380859e-01,9.345651268959045410e-01,7.547938227653503418e-01,9.732258915901184082e-01,7.586809992790222168e-01,8.426471352577209473e-01,9.680159687995910645e-01,7.891536355018615723e-01,9.415664076805114746e-01,9.216225743293762207e-01,6.958845853805541992e-01,9.006358385086059570e-01,8.377178311347961426e-01,8.867689967155456543e-01,7.550204396247863770e-01,9.445304274559020996e-01,9.425952434539794922e-01,9.457040429115295410e-01,9.137066602706909180e-01,7.844860553741455078e-01,8.644810318946838379e-01,9.661651849746704102e-01,8.565906286239624023e-01,7.723525166511535645e-01,9.371805787086486816e-01,8.755872249603271484e-01,9.380375742912292480e-01,7.400839924812316895e-01,7.229625582695007324e-01,9.190495610237121582e-01,8.399521112442016602e-01,8.983659148216247559e-01,8.632942438125610352e-01,9.081436991691589355e-01,9.369555711746215820e-01,7.307000160217285156e-01,8.269477486610412598e-01,5.984154343605041504e-01,8.632377982139587402e-01,5.157655477523803711e-01,9.528497457504272461e-01,9.117810726165771484e-01,9.353442192077636719e-01,8.501856923103332520e-01,9.433149695396423340e-01,9.166513085365295410e-01,9.317110776901245117e-01,9.129112958908081055e-01,8.152546882629394531e-01,9.645088911056518555e-01,7.355962395668029785e-01,9.234986305236816406e-01,5.463412404060363770e-01,7.950058579444885254e-01,8.209972381591796875e-01,8.414012193679809570e-01,7.563866376876831055e-01,8.563345670700073242e-01,6.337495446205139160e-01,8.475400209426879883e-01,9.496892690658569336e-01,8.930719494819641113e-01,9.911409020423889160e-01,8.539764285087585449e-01,6.382679343223571777e-01,9.328954815864562988e-01,6.833170056343078613e-01,9.368862509727478027e-01,8.615510463714599609e-01,9.196221828460693359e-01,9.457830190658569336e-01,6.265352368354797363e-01,8.390239477157592773e-01,8.683294057846069336e-01,9.438194632530212402e-01,7.787449955940246582e-01
5.249405503273010254e-01,9.202449917793273926e-01,1.000000000000000000e+00,6.908364295959472656e-01,9.443167448043823242e-01,9.527306556701660156e-01,8.481681346893310547e-01,8.869310021400451660e-01,9.445917606353759766e-01,7.687826156616210938e-01,7.832514643669128418e-01,7.771242260932922363e-01,9.440364837646484375e-01,9.816070199012756348e-01,7.105432748794555664e-01,9.034226536750793457e-01,6.271315217018127441e-01,7.995197176933288574e-01,8.680002689361572266e-01,7.906079888343811035e-01,9.614210724830627441e-01,8.699271082878112793e-01,6.873000860214233398e-01,7.606995105743408203e-01,6.659464836120605469e-01,8.599451184272766113e-01,7.568467855453491211e-01,9.405060410499572754e-01,9.127388596534729004e-01,9.910793900489807129e-01,9.277588725090026855e-01,7.676218748092651367e-01,8.097534775733947754e-01,9.621367454528808594e-01,8.312570452690124512e-01,6.079533696174621582e-01,9.270829558372497559e-01,8.580867052078247070e-01,9.901239871978759766e-01,6.219304203987121582e-01,6.830574274063110352e-01,9.287844896316528320e-01,6.653677821159362793e-01,8.233326673507690430e-01,8.645516633987426758e-01,9.493248462677001953e-01,8.228446841239929199e-01,7.212365269660949707e-01,6.802796125411987305e-01,4.297728240489959717e-01,8.435818552970886230e-01,4.207891523838043213e-01,8.951829075813293457e-01,9.434052109718322754e-01,8.418211936950683594e-01,7.761083245277404785e-01,8.180166482925415039e-01,9.355196356773376465e-01,9.193788170814514160e-01,8.737413287162780762e-01,7.201753854751586914e-01,8.595302700996398926e-01,7.134368419647216797e-01,8.668091893196105957e-01,3.710965216159820557e-01,6.674310564994812012e-01,6.496621966361999512e-01,7.645252346992492676e-01,6.307969689369201660e-01,8.529055714607238770e-01,5.597852468490600586e-01,8.964392542839050293e-01,8.526879549026489258e-01,9.024530649185180664e-01,8.860041499137878418e-01,7.317716479301452637e-01,5.095055103302001953e-01,9.738278388977050781e-01,6.937389969825744629e-01,9.225385785102844238e-01,8.121309876441955566e-01,9.511161446571350098e-01,9.747148752212524414e-01,5.339747667312622070e-01,8.084336519241333008e-01,7.821033596992492676e-01,8.792416453361511230e-01,6.990973353385925293e-01
9.508998990058898926e-01,7.894227504730224609e-01,6.908364295959472656e-01,1.000000000000000000e+00,6.976094841957092285e-01,7.924146652221679688e-01,8.196035027503967285e-01,6.709108948707580566e-01,7.189925312995910645e-01,8.173102140426635742e-01,6.251842975616455078e-01,7.876684069633483887e-01,7.216490507125854492e-01,7.320101857185363770e-01,8.662037253379821777e-01,8.877360820770263672e-01,9.153621792793273926e-01,9.364966154098510742e-01,9.101744294166564941e-01,7.896557450294494629e-01,7.715206742286682129e-01,7.592042088508605957e-01,8.096102476119995117e-01,8.907600641250610352e-01,8.917601108551025391e-01,6.428090929985046387e-01,8.284171223640441895e-01,7.490311264991760254e-01,7.003046870231628418e-01,6.820326447486877441e-01,6.974327564239501953e-01,8.389682769775390625e-01,7.696790099143981934e-01,7.382102608680725098e-01,8.621405363082885742e-01,8.393050432205200195e-01,7.523761987686157227e-01,8.110529184341430664e-01,6.927435994148254395e-01,8.306851983070373535e-01,9.571502208709716797e-01,6.845331788063049316e-01,8.605907559394836426e-01,8.024944663047790527e-01,7.805636525154113770e-01,7.513694167137145996e-01,9.326498508453369141e-01,9.053539633750915527e-01,4.981396496295928955e-01,3.794078826904296875e-01,6.236634254455566406e-01,7.844285368919372559e-01,6.740571260452270508e-01,7.097747921943664551e-01,8.692406415939331055e-01,7.377180457115173340e-01,9.069494009017944336e-01,6.916753053665161133e-01,7.326152324676513672e-01,7.707543969154357910e-01,9.156417250633239746e-01,7.455871105194091797e-01,8.261882066726684570e-01,7.535358667373657227e-01,5.319651961326599121e-01,5.636112093925476074e-01,9.167793393135070801e-01,9.590758681297302246e-01,9.676464796066284180e-01,7.795244455337524414e-01,7.467383742332458496e-01,6.306842565536499023e-01,6.304754018783569336e-01,8.321976065635681152e-01,7.889531850814819336e-01,9.651929140090942383e-01,8.818746209144592285e-01,7.853952050209045410e-01,6.522989869117736816e-01,7.085075974464416504e-01,8.193169832229614258e-01,7.336658835411071777e-01,6.771475672721862793e-01,7.718688249588012695e-01,7.885849475860595703e-01,9.554648399353027344e-01,6.410212516784667969e-01,8.958464860916137695e-01
5.476683378219604492e-01,9.470575451850891113e-01,9.443167448043823242e-01,6.976094841957092285e-01,1.000000000000000000e+00,9.290651082992553711e-01,9.281318783760070801e-01,9.701506495475769043e-01,9.611291885375976562e-01,8.456265330314636230e-01,9.058745503425598145e-01,7.146775126457214355e-01,9.376751780509948730e-01,9.629042744636535645e-01,6.262931227684020996e-01,9.255692958831787109e-01,5.994749665260314941e-01,7.352529168128967285e-01,8.916946649551391602e-01,6.741440296173095703e-01,9.157665371894836426e-01,9.480726122856140137e-01,5.751438736915588379e-01,7.883110642433166504e-01,6.856550574302673340e-01,8.769648075103759766e-01,8.034577369689941406e-01,9.689112901687622070e-01,9.952681064605712891e-01,9.742680191993713379e-01,9.757031798362731934e-01,6.603006124496459961e-01,9.280307292938232422e-01,9.924561977386474609e-01,7.569998502731323242e-01,5.993527173995971680e-01,9.900170564651489258e-01,7.622765898704528809e-01,9.237288832664489746e-01,5.658456087112426758e-01,6.294956803321838379e-01,8.483565449714660645e-01,6.757592558860778809e-01,9.049466848373413086e-01,9.134555459022521973e-01,9.447191357612609863e-01,8.292993903160095215e-01,6.328825950622558594e-01,7.069830894470214844e-01,4.402719438076019287e-01,7.515194416046142578e-01,3.785115778446197510e-01,9.561715126037597656e-01,8.829797506332397461e-01,8.166669011116027832e-01,8.978053927421569824e-01,8.264741301536560059e-01,9.862940311431884766e-01,9.835992455482482910e-01,9.670452475547790527e-01,6.804816126823425293e-01,9.565933346748352051e-01,6.006461977958679199e-01,8.144462704658508301e-01,5.345227122306823730e-01,6.600676774978637695e-01,6.745920777320861816e-01,7.196352481842041016e-01,6.221002936363220215e-01,7.366598248481750488e-01,4.796431958675384521e-01,8.418301939964294434e-01,9.436218142509460449e-01,9.360188841819763184e-01,9.426453113555908203e-01,7.359740138053894043e-01,4.857644140720367432e-01,9.628497362136840820e-01,5.531651377677917480e-01,9.849206805229187012e-01,9.092036485671997070e-01,9.275406599044799805e-01,9.797278642654418945e-01,4.749875962734222412e-01,7.081335783004760742e-01,7.453026175498962402e-01,8.877341747283935547e-01,6.335306763648986816e-01
6.625264883041381836e-01,9.788459539413452148e-01,9.527306556701660156e-01,7.924146652221679688e-01,9.290651082992553711e-01,1.000000000000000000e+00,8.970820307731628418e-01,9.115800857543945312e-01,9.382843375205993652e-01,8.939332962036132812e-01,8.573617339134216309e-01,9.038119316101074219e-01,8.736983537673950195e-01,9.677342176437377930e-01,8.224358558654785156e-01,9.576197266578674316e-01,7.773988246917724609e-01,8.685986995697021484e-01,9.538856148719787598e-01,8.205194473266601562e-01,9.885768890380859375e-01,9.198649525642395020e-01,7.784927487373352051e-01,8.501447439193725586e-01,8.320077061653137207e-01,9.226509928703308105e-01,7.382764816284179688e-01,9.619143009185791016e-01,9.153349995613098145e-01,9.560553431510925293e-01,8.819887638092041016e-01,8.550234436988830566e-01,8.296759724617004395e-01,9.646015763282775879e-01,9.219464063644409180e-01,7.808992862701416016e-01,9.251684546470642090e-01,9.358502030372619629e-01,9.683879017829895020e-01,7.717311978340148926e-01,7.507709264755249023e-01,9.285229444503784180e-01,7.966787219047546387e-01,8.368153572082519531e-01,8.308984637260437012e-01,8.988991379737854004e-01,9.204109907150268555e-01,7.704023718833923340e-01,7.682811617851257324e-01,5.352301001548767090e-01,9.111431837081909180e-01,5.573772788047790527e-01,8.960375189781188965e-01,9.721689224243164062e-01,9.191840291023254395e-01,8.322189450263977051e-01,9.402265548706054688e-01,8.909658193588256836e-01,9.287551045417785645e-01,8.904418349266052246e-01,8.558209538459777832e-01,9.257287979125976562e-01,8.024463057518005371e-01,9.634187221527099609e-01,4.738324880599975586e-01,7.290109395980834961e-01,8.125942945480346680e-01,8.615166544914245605e-01,7.475883364677429199e-01,9.085528850555419922e-01,6.991052031517028809e-01,9.212644696235656738e-01,8.910446763038635254e-01,9.041478633880615234e-01,9.455235600471496582e-01,8.648048043251037598e-01,6.600483655929565430e-01,9.554615616798400879e-01,7.737748622894287109e-01,8.983626365661621094e-01,8.252696394920349121e-01,9.680430889129638672e-01,9.601580500602722168e-01,6.842896342277526855e-01,9.032061696052551270e-01,8.863836526870727539e-01,8.980488181114196777e-01,8.257680535316467285e-01
7.077453136444091797e-01,9.011902213096618652e-01,8.481681346893310547e-01,8.196035027503967285e-01,9.281318783760070801e-01,8.970820307731628418e-01,1.000000000000000000e+00,9.478611946105957031e-01,8.511176705360412598e-01,8.622317314147949219e-01,8.948024511337280273e-01,7.235397696495056152e-01,8.528628945350646973e-01,9.194394946098327637e-01,7.074682712554931641e-01,9.281154274940490723e-01,6.982631683349609375e-01,7.722828984260559082e-01,9.198276996612548828e-01,6.354113221168518066e-01,8.959184288978576660e-01,9.866699576377868652e-01,6.412474513053894043e-01,7.916553020477294922e-01,7.843905091285705566e-01,8.757754564285278320e-01,8.526232838630676270e-01,9.613716602325439453e-01,9.442784190177917480e-01,8.694494366645812988e-01,8.803640604019165039e-01,7.024915814399719238e-01,9.721451997756958008e-01,9.402323365211486816e-01,8.136663436889648438e-01,6.880826950073242188e-01,9.671969413757324219e-01,7.665991187095642090e-01,8.209537267684936523e-01,6.303669810295104980e-01,7.144548296928405762e-01,7.266841530799865723e-01,6.969354748725891113e-01,8.757907152175903320e-01,8.781237602233886719e-01,8.629037737846374512e-01,8.601343035697937012e-01,6.790170073509216309e-01,5.879243016242980957e-01,3.624041676521301270e-01,6.804001927375793457e-01,4.992705285549163818e-01,8.377283215522766113e-01,8.538640141487121582e-01,7.929636836051940918e-01,9.816325902938842773e-01,8.743709921836853027e-01,8.972418904304504395e-01,9.726044535636901855e-01,9.838103652000427246e-01,7.784925103187561035e-01,9.468226432800292969e-01,6.409746408462524414e-01,8.020489215850830078e-01,6.676731109619140625e-01,5.397949814796447754e-01,7.872730493545532227e-01,7.818062305450439453e-01,7.119229435920715332e-01,7.050341963768005371e-01,5.578505992889404297e-01,8.241952657699584961e-01,8.449180126190185547e-01,9.731490015983581543e-01,8.955438137054443359e-01,8.472024798393249512e-01,6.091976165771484375e-01,9.337547421455383301e-01,5.575823187828063965e-01,8.974450826644897461e-01,9.493569731712341309e-01,9.175720810890197754e-01,9.013533592224121094e-01,5.775697231292724609e-01,7.202737927436828613e-01,8.068331480026245117e-01,7.470523715019226074e-01,7.126240730285644531e-01
5.504854917526245117e-01,9.218035936355590820e-01,8.869310021400451660e-01,6.709108948707580566e-01,9.701506495475769043e-01,9.115800857543945312e-01,9.478611946105957031e-01,1.000000000000000000e+00,8.902086019515991211e-01,8.472512364387512207e-01,9.656218290328979492e-01,7.096362709999084473e-01,8.427481055259704590e-01,9.422175288200378418e-01,6.201708316802978516e-01,8.834908008575439453e-01,5.955716967582702637e-01,6.770601868629455566e-01,8.664476275444030762e-01,5.879631042480468750e-01,9.059895873069763184e-01,9.831270575523376465e-01,5.603359937667846680e-01,7.261682748794555664e-01,7.066094875335693359e-01,9.402821063995361328e-01,7.292313575744628906e-01,9.783700704574584961e-01,9.819772243499755859e-01,9.242343306541442871e-01,8.995532989501953125e-01,6.361037492752075195e-01,9.212251901626586914e-01,9.708848595619201660e-01,7.543613314628601074e-01,6.189796924591064453e-01,9.699010848999023438e-01,7.405612468719482422e-01,8.693892955780029297e-01,5.607044696807861328e-01,5.749796628952026367e-01,7.690064311027526855e-01,6.352930665016174316e-01,8.293539285659790039e-01,8.251670002937316895e-01,8.522242903709411621e-01,7.905943989753723145e-01,5.658473968505859375e-01,6.909300684928894043e-01,4.201440513134002686e-01,7.424127459526062012e-01,3.861787319183349609e-01,8.924660682678222656e-01,8.884411454200744629e-01,7.545930743217468262e-01,9.483220577239990234e-01,8.212590813636779785e-01,9.224921464920043945e-01,9.875284433364868164e-01,9.607764482498168945e-01,6.861180663108825684e-01,9.719270467758178711e-01,5.682803392410278320e-01,8.219540715217590332e-01,6.059082746505737305e-01,5.844468474388122559e-01,6.918666958808898926e-01,6.783295869827270508e-01,5.831550359725952148e-01,6.863812208175659180e-01,4.891956448554992676e-01,8.775739669799804688e-01,9.312413334846496582e-01,9.102687239646911621e-01,9.083145260810852051e-01,7.377590537071228027e-01,4.888480603694915771e-01,9.210915565490722656e-01,5.395806431770324707e-01,9.225337505340576172e-01,8.713574409484863281e-01,9.371582269668579102e-01,9.625599384307861328e-01,4.949884116649627686e-01,6.942148804664611816e-01,7.120692729949951172e-01,8.193342685699462891e-01,6.229286193847656250e-01
5.643239617347717285e-01,9.691407680511474609e-01,9.445917606353759766e-01,7.189925312995910645e-01,9.611291885375976562e-01,9.382843375205993652e-01,8.511176705360412598e-01,8.902086019515991211e-01,1.000000000000000000e+00,8.748968243598937988e-01,8.366719484329223633e-01,7.774608731269836426e-01,9.401487112045288086e-01,9.252611398696899414e-01,6.602634191513061523e-01,9.456354379653930664e-01,6.503618359565734863e-01,8.006033897399902344e-01,9.143061041831970215e-01,7.857121825218200684e-01,9.012838602066040039e-01,8.676798343658447266e-01,6.141408085823059082e-01,8.711611628532409668e-01,7.156292796134948730e-01,8.098916411399841309e-01,7.797003984451293945e-01,9.100604057312011719e-01,9.433951377868652344e-01,9.694775342941284180e-01,9.676927924156188965e-01,7.100627422332763672e-01,8.510140180587768555e-01,9.603406190872192383e-01,7.720652222633361816e-01,6.448702812194824219e-01,9.353413581848144531e-01,8.085522651672363281e-01,9.496856331825256348e-01,6.325548887252807617e-01,6.787446141242980957e-01,9.390640258789062500e-01,7.737848758697509766e-01,9.250098466873168945e-01,9.114269018173217773e-01,9.611008763313293457e-01,8.819264769554138184e-01,7.006955146789550781e-01,7.952695488929748535e-01,5.562570691108703613e-01,8.066632747650146484e-01,4.110699594020843506e-01,9.874085187911987305e-01,8.631671667098999023e-01,9.050118923187255859e-01,7.924245595932006836e-01,8.577375411987304688e-01,9.626748561859130859e-01,9.126760363578796387e-01,8.978359699249267578e-01,7.073445916175842285e-01,9.199527502059936523e-01,6.654832959175109863e-01,8.422513008117675781e-01,4.668598175048828125e-01,8.077255487442016602e-01,7.018379569053649902e-01,7.775177955627441406e-01,6.865481138229370117e-01,8.165588378906250000e-01,5.229212641716003418e-01,7.888644933700561523e-01,9.435169100761413574e-01,8.797631263732910156e-01,9.706051945686340332e-01,7.537770271301269531e-01,5.272050499916076660e-01,9.352121949195861816e-01,6.096322536468505859e-01,9.757285118103027344e-01,8.621184825897216797e-01,8.782263994216918945e-01,9.445478916168212891e-01,5.063832998275756836e-01,7.596666812896728516e-01,7.975453138351440430e-01,9.688667058944702148e-01,6.815853714942932129e-01
7.536346316337585449e-01,9.493507146835327148e-01,7.687826156616210938e-01,8.173102140426635742e-01,8.456265330314636230e-01,8.939332962036132812e-01,8.622317314147949219e-01,8.472512364387512207e-01,8.748968243598937988e-01,1.000000000000000000e+00,8.819527626037597656e-01,8.516196012496948242e-01,7.464420199394226074e-01,8.071333169937133789e-01,7.294934988021850586e-01,9.323819279670715332e-01,8.109129667282104492e-01,8.058083057403564453e-01,9.542139172554016113e-01,7.123337388038635254e-01,8.323072791099548340e-01,8.706645965576171875e-01,6.488630175590515137e-01,9.279541969299316406e-01,9.131792783737182617e-01,8.084042072296142578e-01,7.003615498542785645e-01,8.518052101135253906e-01,8.621543049812316895e-01,8.089209794998168945e-01,8.061739206314086914e-01,7.299638390541076660e-01,8.289573192596435547e-01,8.659785985946655273e-01,8.007402420043945312e-01,8.472918868064880371e-01,8.506920933723449707e-01,8.027282357215881348e-01,7.974044680595397949e-01,7.729932665824890137e-01,7.071635127067565918e-01,8.027842044830322266e-01,9.079566001892089844e-01,8.681504726409912109e-01,7.832925319671630859e-01,7.887295484542846680e-01,9.407388567924499512e-01,6.851893663406372070e-01,8.227989077568054199e-01,6.558849811553955078e-01,7.716287374496459961e-01,5.697864294052124023e-01,8.806717395782470703e-01,7.938857078552246094e-01,9.121400713920593262e-01,8.309806585311889648e-01,9.541354775428771973e-01,8.057060241699218750e-01,8.465167284011840820e-01,8.553477525711059570e-01,8.258151412010192871e-01,9.411826133728027344e-01,6.907730102539062500e-01,8.647754192352294922e-01,6.756029129028320312e-01,7.874023914337158203e-01,9.029651284217834473e-01,8.337690234184265137e-01,8.078320026397705078e-01,7.714509367942810059e-01,6.417516469955444336e-01,7.248490452766418457e-01,9.041047692298889160e-01,8.106926679611206055e-01,9.623599648475646973e-01,8.873466253280639648e-01,7.101126313209533691e-01,8.151495456695556641e-01,6.092646718025207520e-01,8.449961543083190918e-01,8.257434368133544922e-01,8.056198358535766602e-01,8.206095099449157715e-01,6.560407876968383789e-01,7.792025804519653320e-01,8.635769486427307129e-01,8.694353699684143066e-01,7.789237499237060547e-01
5.403586030006408691e-01,8.969791531562805176e-01,7.832514643669128418e-01,6.251842975616455078e-01,9.058745503425598145e-01,8.573617339134216309e-01,8.948024511337280273e-01,9.656218290328979492e-01,8.366719484329223633e-01,8.819527626037597656e-01,1.000000000000000000e+00,6.960002183914184570e-01,7.301022410392761230e-01,8.489338755607604980e-01,5.684165954589843750e-01,8.332823514938354492e-01,5.847219228744506836e-01,6.106414794921875000e-01,8.336967229843139648e-01,5.180402994155883789e-01,8.280410766601562500e-01,9.436834454536437988e-01,4.974251687526702881e-01,7.118470072746276855e-01,7.265768051147460938e-01,9.145789742469787598e-01,6.299549937248229980e-01,9.122545719146728516e-01,9.338746070861816406e-01,8.395805954933166504e-01,8.183819651603698730e-01,5.732811689376831055e-01,8.680946826934814453e-01,9.049440026283264160e-01,6.919702291488647461e-01,6.401914358139038086e-01,8.992787599563598633e-01,6.816198825836181641e-01,7.845627069473266602e-01,5.523291230201721191e-01,5.051897168159484863e-01,7.078135609626770020e-01,6.477247476577758789e-01,7.817570567131042480e-01,7.345094680786132812e-01,7.513203024864196777e-01,7.618954777717590332e-01,4.882694482803344727e-01,7.516908645629882812e-01,4.914804399013519287e-01,7.135397195816040039e-01,3.719244897365570068e-01,8.633177280426025391e-01,8.152228593826293945e-01,7.212120890617370605e-01,9.219244718551635742e-01,8.081822991371154785e-01,8.402548432350158691e-01,9.241740703582763672e-01,9.027001261711120605e-01,6.559385657310485840e-01,9.714106917381286621e-01,5.099672079086303711e-01,7.956189513206481934e-01,6.954511404037475586e-01,6.026244163513183594e-01,7.071859836578369141e-01,6.278850436210632324e-01,5.570745468139648438e-01,6.232082843780517578e-01,4.678869247436523438e-01,8.051432967185974121e-01,9.436397552490234375e-01,8.141494989395141602e-01,8.953039050102233887e-01,7.146628499031066895e-01,4.814834594726562500e-01,8.199182152748107910e-01,4.870161116123199463e-01,8.584642410278320312e-01,8.052990436553955078e-01,8.555279970169067383e-01,8.892521858215332031e-01,4.816264510154724121e-01,6.458833217620849609e-01,6.675703525543212891e-01,8.026776909828186035e-01,5.860505700111389160e-01
7.252836823463439941e-01,8.704599738121032715e-01,7.771242260932922363e-01,7.876684069633483887e-01,7.146775126457214355e-01,9.038119316101074219e-01,7.235397696495056152e-01,7.096362709999084473e-01,7.774608731269836426e-01,8.516196012496948242e-01,6.960002183914184570e-01,1.000000000000000000e+00,6.634851694107055664e-01,7.882490158081054688e-01,9.200701117515563965e-01,8.500621914863586426e-01,9.053712487220764160e-01,8.827114701271057129e-01,8.856054544448852539e-01,8.554521799087524414e-01,8.758069872856140137e-01,7.432000041007995605e-01,8.844444751739501953e-01,8.270633220672607422e-01,9.127539992332458496e-01,7.991676330566406250e-01,5.632129311561584473e-01,7.845774292945861816e-01,7.021151185035705566e-01,7.679545283317565918e-01,6.618954539299011230e-01,9.354202151298522949e-01,6.221178770065307617e-01,7.763975262641906738e-01,9.416707754135131836e-01,9.268816113471984863e-01,7.149254083633422852e-01,9.687224626541137695e-01,8.330799341201782227e-01,9.442209005355834961e-01,7.698252201080322266e-01,8.601951003074645996e-01,8.703952431678771973e-01,6.702800393104553223e-01,6.316782236099243164e-01,7.058795094490051270e-01,8.996125459671020508e-01,7.982561588287353516e-01,7.614185214042663574e-01,6.365835070610046387e-01,9.345045685768127441e-01,7.371346950531005859e-01,7.217262387275695801e-01,8.720095157623291016e-01,9.115532040596008301e-01,6.456899642944335938e-01,9.393657445907592773e-01,6.644195318222045898e-01,7.222520709037780762e-01,6.835258603096008301e-01,9.359405040740966797e-01,7.700505256652832031e-01,9.139968156814575195e-01,9.705051779747009277e-01,3.895057439804077148e-01,7.440884113311767578e-01,8.861417174339294434e-01,8.984979391098022461e-01,8.106667399406433105e-01,9.492676258087158203e-01,8.905600309371948242e-01,8.069081306457519531e-01,7.284972071647644043e-01,7.153866291046142578e-01,8.266359567642211914e-01,8.925854563713073730e-01,8.140799999237060547e-01,7.727592587471008301e-01,9.045958518981933594e-01,6.870533823966979980e-01,6.317252516746520996e-01,8.189562559127807617e-01,7.688534259796142578e-01,8.682507872581481934e-01,9.780727028846740723e-01,9.191555976867675781e-01,7.907826900482177734e-01,9.370608925819396973e-01
5.395864248275756836e-01,8.775002956390380859e-01,9.440364837646484375e-01,7.216490507125854492e-01,9.376751780509948730e-01,8.736983537673950195e-01,8.528628945350646973e-01,8.427481055259704590e-01,9.401487112045288086e-01,7.464420199394226074e-01,7.301022410392761230e-01,6.634851694107055664e-01,1.000000000000000000e+00,9.225575923919677734e-01,6.274119019508361816e-01,9.083783030509948730e-01,5.820286273956298828e-01,7.900766134262084961e-01,8.561818599700927734e-01,7.595679759979248047e-01,8.690832257270812988e-01,8.381369113922119141e-01,5.965137481689453125e-01,7.947549223899841309e-01,6.147628426551818848e-01,7.321169376373291016e-01,8.896307945251464844e-01,8.867391347885131836e-01,9.108384251594543457e-01,9.442853331565856934e-01,9.781336188316345215e-01,6.771343350410461426e-01,8.726814985275268555e-01,9.302289485931396484e-01,7.371410727500915527e-01,5.370580554008483887e-01,9.359030723571777344e-01,7.491645812988281250e-01,9.095172286033630371e-01,5.439864993095397949e-01,7.104881405830383301e-01,8.583431243896484375e-01,6.593763232231140137e-01,9.184412956237792969e-01,9.699059724807739258e-01,9.961809515953063965e-01,8.178996443748474121e-01,7.283607125282287598e-01,5.903738141059875488e-01,3.656543493270874023e-01,6.833003759384155273e-01,3.762811720371246338e-01,9.071907401084899902e-01,8.166393041610717773e-01,8.243484497070312500e-01,7.806391716003417969e-01,7.713938951492309570e-01,9.730309844017028809e-01,9.013678431510925293e-01,9.028778076171875000e-01,6.528794169425964355e-01,8.356371521949768066e-01,6.331536769866943359e-01,7.367691993713378906e-01,4.057009816169738770e-01,6.385815143585205078e-01,6.140413880348205566e-01,7.494066357612609863e-01,6.524177789688110352e-01,7.564612627029418945e-01,4.597103297710418701e-01,7.476265430450439453e-01,8.208879828453063965e-01,9.300689697265625000e-01,8.765571713447570801e-01,7.050493955612182617e-01,4.755901992321014404e-01,9.590502977371215820e-01,5.509445071220397949e-01,9.600645303726196289e-01,9.023993611335754395e-01,8.593527078628540039e-01,9.095767140388488770e-01,4.451454877853393555e-01,6.881789565086364746e-01,7.569187879562377930e-01,8.412699103355407715e-01,6.304075717926025391e-01
5.794508457183837891e-01,9.345651268959045410e-01,9.816070199012756348e-01,7.320101857185363770e-01,9.629042744636535645e-01,9.677342176437377930e-01,9.194394946098327637e-01,9.422175288200378418e-01,9.252611398696899414e-01,8.071333169937133789e-01,8.489338755607604980e-01,7.882490158081054688e-01,9.225575923919677734e-01,1.000000000000000000e+00,7.372801899909973145e-01,9.227366447448730469e-01,6.612337827682495117e-01,7.985785603523254395e-01,8.975163698196411133e-01,7.431750297546386719e-01,9.819010496139526367e-01,9.396004676818847656e-01,7.013314962387084961e-01,7.628839612007141113e-01,7.176613211631774902e-01,9.203836917877197266e-01,7.792056798934936523e-01,9.855705499649047852e-01,9.457822442054748535e-01,9.803568124771118164e-01,9.205170869827270508e-01,7.742021679878234863e-01,8.695996403694152832e-01,9.841773509979248047e-01,8.612258434295654297e-01,6.500625014305114746e-01,9.627460241317749023e-01,8.614202737808227539e-01,9.655424356460571289e-01,6.418654322624206543e-01,6.939913630485534668e-01,8.773406147956848145e-01,6.712863445281982422e-01,8.310522437095642090e-01,8.650323152542114258e-01,9.284484982490539551e-01,8.411001563072204590e-01,7.113597393035888672e-01,6.638936996459960938e-01,4.090383350849151611e-01,8.297656178474426270e-01,4.568983018398284912e-01,8.833390474319458008e-01,9.644857645034790039e-01,8.306595087051391602e-01,8.635027408599853516e-01,8.538581728935241699e-01,9.362750649452209473e-01,9.671630859375000000e-01,9.264374971389770508e-01,7.621740102767944336e-01,9.090219736099243164e-01,7.114619612693786621e-01,8.856471776962280273e-01,4.493702054023742676e-01,6.186279058456420898e-01,7.033928632736206055e-01,7.785795331001281738e-01,6.517124772071838379e-01,8.278164863586425781e-01,5.858808159828186035e-01,9.344238042831420898e-01,8.681432604789733887e-01,9.455894231796264648e-01,8.999935984611511230e-01,7.820247411727905273e-01,5.486580133438110352e-01,9.884287118911743164e-01,6.845977902412414551e-01,9.240790009498596191e-01,8.558336496353149414e-01,9.879037141799926758e-01,9.884743690490722656e-01,5.729698538780212402e-01,8.134925365447998047e-01,8.014433383941650391e-01,8.445471525192260742e-01,7.241163849830627441e-01
8.184059858322143555e-01,7.547938227653503418e-01,7.105432748794555664e-01,8.662037253379821777e-01,6.262931227684020996e-01,8.224358558654785156e-01,7.074682712554931641e-01,6.201708316802978516e-01,6.602634191513061523e-01,7.294934988021850586e-01,5.684165954589843750e-01,9.200701117515563965e-01,6.274119019508361816e-01,7.372801899909973145e-01,1.000000000000000000e+00,7.996556758880615234e-01,9.419203996658325195e-01,9.228982925415039062e-01,8.358759284019470215e-01,8.467783331871032715e-01,8.279202580451965332e-01,6.911767125129699707e-01,9.877673983573913574e-01,7.591264843940734863e-01,8.794904351234436035e-01,7.070410847663879395e-01,6.083927750587463379e-01,7.267993688583374023e-01,6.126976609230041504e-01,6.755235791206359863e-01,5.867205262184143066e-01,9.868650436401367188e-01,5.946489572525024414e-01,6.952519416809082031e-01,9.713016748428344727e-01,8.959383964538574219e-01,6.583983302116394043e-01,9.465283155441284180e-01,7.408487200736999512e-01,9.468298554420471191e-01,8.861054778099060059e-01,7.360754013061523438e-01,7.886186838150024414e-01,6.116865873336791992e-01,6.079860925674438477e-01,6.590565443038940430e-01,8.586691617965698242e-01,8.972660303115844727e-01,5.274645090103149414e-01,4.132164120674133301e-01,7.941662669181823730e-01,8.751500248908996582e-01,5.868102312088012695e-01,8.109121322631835938e-01,8.358882665634155273e-01,6.135641932487487793e-01,8.862782120704650879e-01,5.903246998786926270e-01,6.625774502754211426e-01,6.404000520706176758e-01,9.780517816543579102e-01,6.617592573165893555e-01,9.780357480049133301e-01,8.744007945060729980e-01,3.447386324405670166e-01,5.498879551887512207e-01,8.743876814842224121e-01,9.383572340011596680e-01,8.598570227622985840e-01,9.102944731712341309e-01,9.535956978797912598e-01,7.515621781349182129e-01,5.688832998275756836e-01,7.242311239242553711e-01,7.065198421478271484e-01,9.212102890014648438e-01,9.011260867118835449e-01,7.447550892829895020e-01,9.128464460372924805e-01,5.987283587455749512e-01,6.200963854789733887e-01,7.761657238006591797e-01,6.769348978996276855e-01,9.439345598220825195e-01,9.559983611106872559e-01,9.412278532981872559e-01,6.190407276153564453e-01,9.897602796554565430e-01
7.581650614738464355e-01,9.732258915901184082e-01,9.034226536750793457e-01,8.877360820770263672e-01,9.255692958831787109e-01,9.576197266578674316e-01,9.281154274940490723e-01,8.834908008575439453e-01,9.456354379653930664e-01,9.323819279670715332e-01,8.332823514938354492e-01,8.500621914863586426e-01,9.083783030509948730e-01,9.227366447448730469e-01,7.996556758880615234e-01,1.000000000000000000e+00,8.093045949935913086e-01,9.118880033493041992e-01,9.927567839622497559e-01,8.301153779029846191e-01,9.275712966918945312e-01,9.142367243766784668e-01,7.418901920318603516e-01,9.413629770278930664e-01,8.578571677207946777e-01,8.261327743530273438e-01,8.595063686370849609e-01,9.292837381362915039e-01,9.206498861312866211e-01,9.156401157379150391e-01,9.179280996322631836e-01,8.196732997894287109e-01,9.005454778671264648e-01,9.468863606452941895e-01,8.809375762939453125e-01,7.849826216697692871e-01,9.406436085700988770e-01,8.778023719787597656e-01,9.061781167984008789e-01,7.640044093132019043e-01,8.309633731842041016e-01,8.849077820777893066e-01,8.657749295234680176e-01,9.410225749015808105e-01,9.208738803863525391e-01,9.352166652679443359e-01,9.744765758514404297e-01,8.237266540527343750e-01,7.170913815498352051e-01,5.124574899673461914e-01,7.929655313491821289e-01,5.791729688644409180e-01,9.171225428581237793e-01,8.777219057083129883e-01,9.542297124862670898e-01,8.609451055526733398e-01,9.571683406829833984e-01,9.156366586685180664e-01,9.227073192596435547e-01,9.301071763038635254e-01,8.565070629119873047e-01,9.341180920600891113e-01,7.788585424423217773e-01,8.828316330909729004e-01,5.582441091537475586e-01,7.406235337257385254e-01,8.563798666000366211e-01,9.091037511825561523e-01,8.440520763397216797e-01,8.596358299255371094e-01,6.572198867797851562e-01,8.011725544929504395e-01,8.809183835983276367e-01,9.414380192756652832e-01,9.717708826065063477e-01,9.089898467063903809e-01,7.037866115570068359e-01,9.497786164283752441e-01,6.772715449333190918e-01,9.314383268356323242e-01,9.215199947357177734e-01,9.013357758522033691e-01,9.070259928703308105e-01,6.568462848663330078e-01,8.367730975151062012e-01,9.250690937042236328e-01,8.836053609848022461e-01,8.240622878074645996e-01
9.229856729507446289e-01,7.586809992790222168e-01,6.271315217018127441e-01,9.153621792793273926e-01,5.994749665260314941e-01,7.773988246917724609e-01,6.982631683349609375e-01,5.955716967582702637e-01,6.503618359565734863e-01,8.109129667282104492e-01,5.847219228744506836e-01,9.053712487220764160e-01,5.820286273956298828e-01,6.612337827682495117e-01,9.419203996658325195e-01,8.093045949935913086e-01,1.000000000000000000e+00,9.103130698204040527e-01,8.606126904487609863e-01,8.045538067817687988e-01,7.472038865089416504e-01,6.724085807800292969e-01,8.918814063072204590e-01,8.434007763862609863e-01,9.610989689826965332e-01,6.461662054061889648e-01,6.085839271545410156e-01,6.769448518753051758e-01,5.993683934211730957e-01,6.159996986389160156e-01,5.689743757247924805e-01,9.083985090255737305e-01,6.066045165061950684e-01,6.582119464874267578e-01,8.980778455734252930e-01,9.718272089958190918e-01,6.337604522705078125e-01,8.718452453613281250e-01,6.640969514846801758e-01,9.769713878631591797e-01,8.855385780334472656e-01,6.901947855949401855e-01,9.027307033538818359e-01,6.528804898262023926e-01,6.058709025382995605e-01,6.234504580497741699e-01,9.025949239730834961e-01,8.634408712387084961e-01,5.710364580154418945e-01,4.981961548328399658e-01,7.220063805580139160e-01,9.126696586608886719e-01,5.996259450912475586e-01,7.132536172866821289e-01,8.654251098632812500e-01,6.181312799453735352e-01,9.192749857902526855e-01,5.662344694137573242e-01,6.305735111236572266e-01,6.347483992576599121e-01,9.762645363807678223e-01,6.818484067916870117e-01,9.098261594772338867e-01,8.259513974189758301e-01,4.457060992717742920e-01,6.115999221801757812e-01,9.651288986206054688e-01,9.508242011070251465e-01,9.468720555305480957e-01,8.394847512245178223e-01,9.179381132125854492e-01,6.382436156272888184e-01,5.885503888130187988e-01,6.856690645217895508e-01,7.371622920036315918e-01,9.622434973716735840e-01,9.772735238075256348e-01,6.822522282600402832e-01,7.905402779579162598e-01,5.913100242614746094e-01,6.380509734153747559e-01,6.909517645835876465e-01,6.174211502075195312e-01,9.340581297874450684e-01,8.834351897239685059e-01,9.556901454925537109e-01,6.280335187911987305e-01,9.772132635116577148e-01
8.292822837829589844e-01,8.426471352577209473e-01,7.995197176933288574e-01,9.364966154098510742e-01,7.352529168128967285e-01,8.685986995697021484e-01,7.722828984260559082e-01,6.770601868629455566e-01,8.006033897399902344e-01,8.058083057403564453e-01,6.106414794921875000e-01,8.827114701271057129e-01,7.900766134262084961e-01,7.985785603523254395e-01,9.228982925415039062e-01,9.118880033493041992e-01,9.103130698204040527e-01,1.000000000000000000e+00,9.214651584625244141e-01,9.462478756904602051e-01,8.504414558410644531e-01,7.374457120895385742e-01,8.977301120758056641e-01,9.075638055801391602e-01,8.594484329223632812e-01,6.787765026092529297e-01,7.815867662429809570e-01,7.761083245277404785e-01,7.157024145126342773e-01,7.737318277359008789e-01,7.439045906066894531e-01,9.400939345359802246e-01,7.102513313293457031e-01,7.837969660758972168e-01,9.264953136444091797e-01,8.348957896232604980e-01,7.624678015708923340e-01,9.242447614669799805e-01,8.177866339683532715e-01,8.825931549072265625e-01,9.652718901634216309e-01,8.391678333282470703e-01,8.832953572273254395e-01,7.953731417655944824e-01,7.912260293960571289e-01,8.220136165618896484e-01,9.522172808647155762e-01,9.765066504478454590e-01,5.869742035865783691e-01,4.588985443115234375e-01,7.662953138351440430e-01,7.539423108100891113e-01,7.329606413841247559e-01,8.011738061904907227e-01,9.475991129875183105e-01,6.667646169662475586e-01,9.210264086723327637e-01,7.341374754905700684e-01,7.393328547477722168e-01,7.438051104545593262e-01,9.271292686462402344e-01,7.392171621322631836e-01,9.359555244445800781e-01,8.460142612457275391e-01,3.884002566337585449e-01,6.811482906341552734e-01,8.652533292770385742e-01,9.921478033065795898e-01,9.387516379356384277e-01,9.292247295379638672e-01,8.065629601478576660e-01,7.079660296440124512e-01,6.685491204261779785e-01,8.222908973693847656e-01,8.228002190589904785e-01,9.300349354743957520e-01,8.397326469421386719e-01,8.388814330101013184e-01,8.029056787490844727e-01,7.469446063041687012e-01,7.648218274116516113e-01,7.910194396972656250e-01,7.464771270751953125e-01,7.922241091728210449e-01,9.043338894844055176e-01,9.854920506477355957e-01,7.467613220214843750e-01,9.404829144477844238e-01
