1.000000000000000000e+00,2.430656576107670710e-43,1.042777610352198683e-58,1.611925037236609730e-19,3.159895056397964515e-48,8.353938067293560098e-43,7.264758940414158106e-42,3.431700024161572140e-54,1.202695595529633279e-54,1.788333842508127153e-42,1.277909192626560147e-60,1.367709030763341118e-34,1.638719671221155586e-60,5.718162371236934806e-53,1.049175200664982198e-26,4.545869267905294780e-36,3.854814016475693286e-16,2.161818888753240716e-34,6.927344780251619381e-32,8.183219841679919421e-47,2.604227787981336353e-49,3.193846308616248498e-48,8.999034397261170418e-35,3.832176899548487899e-41,5.222416739000109212e-27,7.415532389309494765e-61,8.503763159661814277e-46,2.034784568836821152e-51,2.847499510034595396e-47,3.947090466655618991e-55,5.077546445109374591e-54,1.762667573210901341e-33,5.127338270526663013e-38,8.568013925260427072e-48,2.944238231463923827e-36,3.112060325729589585e-27,9.940386510561888569e-46,7.272649557556818376e-37,4.465493359045099664e-55,9.385462704072582368e-26,1.149167996874732026e-30,2.558905132422775186e-56,3.639296432438467264e-37,1.811074381489188016e-46,1.977023469516471503e-50,1.472505617003333064e-56,3.118584890963431989e-32,1.898210642579345682e-38,3.431055129052313654e-71,1.078556779983340455e-72,5.744046283760841137e-50,1.688632873769431562e-29,2.121768901154976867e-58,2.596362808884469265e-55,6.072459518754447703e-42,1.035587814525089168e-45,3.399560094029687848e-30,1.210865525121222524e-53,4.452254768785400152e-50,2.116447592341854633e-42,6.133267954476391627e-23,1.835959669094783711e-48,2.557051251438348049e-34,3.614584128086480002e-42,1.162003420910977053e-63,1.424192511784492225e-72,8.337771254750273342e-23,7.123436063922398616e-27,1.590484929117405004e-19,1.788989509645314705e-42,1.600368994567403125e-37,2.734943059158946496e-65,1.501874662158498513e-59,1.093346427422887144e-43,8.566196086769577107e-46,1.164734749366751957e-18,2.909611831325184683e-17,1.804702609216150998e-50,1.338259338592637453e-40,5.231395273964721441e-51,1.105241704585951044e-37,2.057296332913411307e-55,8.289795095656110076e-55,1.385022258789969210e-35,6.235951414699508589e-35,1.244810967787722772e-25,1.866258217636511367e-63,4.072170541020203013e-21
2.430656576107670710e-43,1.000000000000000000e+00,1.177404400839984462e-23,1.341004724420905134e-39,6.567323247481014284e-16,6.183752674137440967e-12,2.102268168564343338e-26,6.981286827490668253e-24,1.748379497324089583e-13,1.371340589674092535e-19,3.872242397319107733e-25,2.565631231394286432e-24,1.798276980585398345e-29,1.371781235682745144e-17,7.932804843202070069e-33,1.763420847203186363e-14,3.779098759011165659e-31,1.028667833770380725e-33,1.140066594230100221e-14,3.387142824653218088e-39,6.180189448222583874e-18,4.285546547487722218e-25,3.599060219703019563e-40,3.955664228067473794e-28,1.076244386180159184e-30,1.778978546573157054e-25,6.636776250304511958e-43,8.302452149826411987e-19,8.076931817843519322e-19,4.456675747366917942e-20,1.151885020412399850e-24,7.796297195167575448e-35,5.905549268736413231e-29,2.482510798870281863e-13,2.268434171190489934e-27,1.711941339305894062e-33,4.106723741224413311e-20,4.507164553251977395e-27,5.042006541630326281e-20,1.717857364137188844e-26,6.138252368465987938e-49,5.112353253938296555e-22,2.962040937727878087e-34,1.659651827624143021e-24,2.143714729968289827e-33,3.881063357825879650e-25,1.187124068263396902e-19,4.980173431986118166e-46,9.995430228117645655e-30,6.506157712046754389e-51,1.410028179178906442e-28,9.387586780413722762e-53,4.108469427888957715e-16,1.976221844068176505e-24,3.212202958427490031e-18,1.895695479275981789e-34,1.562607040369347885e-16,7.550946891924830368e-24,7.755911119752522029e-23,1.035529686808176041e-24,1.057313565059283595e-31,2.291446500301604036e-15,1.022663213910426008e-39,4.627063654666302507e-24,2.905455345611276101e-58,3.503815825493718510e-39,9.991877024060129420e-32,6.532147555930998462e-33,8.836948105925752054e-40,5.384274659324475873e-33,1.359902424279660953e-42,2.646766918585703249e-31,6.178884655781048059e-17,7.747402716865449387e-25,1.219847367849211449e-08,2.407378931417009190e-29,6.299121260906646589e-42,3.446566021737962669e-18,1.137176566807308302e-45,1.945612256829329913e-20,1.798597758373859497e-30,4.935432613675603937e-20,1.988713265135209879e-19,1.162197417849601830e-43,2.172113686120422804e-30,7.541832740880353832e-29,3.613713457451651812e-21,1.160696768672946572e-30
1.042777610352198683e-58,1.177404400839984462e-23,1.000000000000000000e+00,5.038516887551908770e-42,6.124506019097027829e-21,2.983083108773619109e-19,3.097583891174839040e-27,7.631537200599921170e-29,6.067959803403138829e-17,1.614622445332775949e-42,3.546593860370035410e-40,1.042193887691105184e-34,1.844383411162567392e-18,4.678355571397156111e-10,6.342634337277905507e-36,3.351703719015178492e-24,6.264772606251890874e-50,4.298593637142735678e-35,1.046704505020082991e-30,6.646066212750157047e-34,6.354642465966038081e-15,1.353798068684721708e-26,4.457008981278074363e-36,7.226887025358468729e-44,1.267174876667847194e-53,2.341950440997418624e-24,2.789794190997983371e-32,1.865042972425954828e-17,2.935559954626660667e-26,2.521667583955939594e-08,2.636624363041045772e-23,2.689959943344692755e-27,1.148583702980866590e-31,1.667881314128866480e-16,8.640089879531995331e-29,2.015647266878656880e-56,2.582661652833647906e-21,1.433834535954886083e-22,1.408402922025671845e-08,4.469110740976246975e-47,7.615419560788562916e-45,2.407238345764448213e-23,5.411565286446021163e-50,3.259085199476094187e-32,4.611135004732932201e-28,3.992325384051516047e-18,3.613530813472590543e-34,6.178649539550410852e-42,1.035688441540912130e-41,5.246844998805141402e-61,1.260852691506341375e-35,1.488313078556915392e-60,6.736881497535243143e-24,1.390530702221800863e-16,5.868604245618428260e-34,3.913058316002734208e-36,1.018612541292575500e-37,1.049767594745575571e-20,6.389228479563339293e-23,6.639831082273869043e-27,9.107508123703254557e-42,2.098740020759694628e-30,1.749044432561654617e-29,8.143350717447171949e-29,2.661111839862712565e-73,5.633458486728936411e-44,1.176447998078032353e-54,2.088740365110041593e-37,1.449114919962069249e-52,6.372317368252885081e-25,5.208600756369551765e-46,1.862346918674906270e-23,9.184595785521679338e-31,2.577450717599461287e-19,9.151569226409216569e-26,9.032570956511863602e-44,1.569880203148756464e-58,1.591477591895997935e-10,8.001525409402322370e-38,1.034930540404147120e-22,1.099262450736260078e-25,5.423876237747962355e-17,1.925151186109743408e-13,1.406594464171429286e-52,5.866364305881057282e-28,6.162311522773539200e-35,2.401567450907020709e-19,6.259811175277215650e-39
1.611925037236609730e-19,1.341004724420905134e-39,5.038516887551908770e-42,1.000000000000000000e+00,6.712717267440909711e-42,7.321496352323676939e-36,4.806406026460205614e-32,1.317636516707462628e-47,6.221832821763741723e-42,9.866322355935148365e-39,7.050285431261230146e-57,5.871149563853160074e-34,1.016622754387189733e-41,3.783168898901462740e-43,3.266692425610234025e-30,7.604564313435218462e-26,1.000854892479053655e-25,1.341141082130802386e-15,1.176251221821389158e-25,3.651225389476011399e-30,1.722971985318902301e-39,2.113066967703910483e-38,6.387049384269188216e-36,1.982477037501391921e-28,6.239865721595438626e-28,4.906158601782329901e-51,3.724990173564045431e-31,1.346225097683417401e-41,3.635113339356354497e-43,5.128974292579713351e-41,2.466905514435533692e-39,1.296446091274608522e-28,3.502709204828633365e-29,2.021919779832775037e-39,1.947924837577059859e-26,8.080080619671725072e-37,6.576616515645134832e-36,1.999362222819822280e-26,2.841986321361006838e-39,2.436819578169644724e-35,2.270472395513431299e-18,1.323783008756802047e-43,1.006469259021558612e-25,9.369122221190722906e-34,9.026349625964702062e-32,9.135075037532208351e-38,1.129624746285040744e-20,3.759527403372433858e-26,1.892929335651207298e-67,2.179723023946135082e-67,3.169017490800979529e-46,5.257695964299166271e-33,1.097641950171950692e-45,1.717768470207221113e-45,3.141428976962373797e-29,6.851508155311733510e-36,1.875553375930572236e-26,3.573116217312726246e-37,2.945637195610289474e-40,4.766633451220021508e-33,3.064233571810487302e-22,1.012907629281351045e-44,7.465442816380901653e-29,1.994183152085929481e-38,3.980075093598378033e-69,7.367689502869364332e-60,2.398375634418920722e-24,2.987165688484984619e-13,8.304975160095876766e-16,3.972452850003826311e-24,4.982879188739188225e-41,1.809453955648757224e-55,8.285913515054224050e-56,1.303790664991876177e-31,2.339430356835178339e-39,1.390579609557669793e-14,7.554448085303916534e-27,3.001815156336074743e-36,4.166779430272366523e-44,2.706326267440916558e-38,1.875342401356298159e-21,1.361119009430722124e-45,5.484575803916530587e-45,4.312379590389778596e-39,7.958938736268636234e-29,1.016545107771014649e-12,9.654601443238634609e-51,8.865672438267934657e-24
3.159895056397964515e-48,6.567323247481014284e-16,6.124506019097027829e-21,6.712717267440909711e-42,1.000000000000000000e+00,2.681683487132925245e-17,3.573676492410744147e-23,6.115918026106520231e-10,1.260059002708404395e-17,6.741858415296213436e-32,1.864838697250133248e-22,2.164110798646619233e-37,3.422748311168107029e-17,5.468562371997233136e-16,3.866259876302952196e-37,3.349622716960700757e-20,2.615856730932014198e-39,5.149240867285809513e-36,1.030572326682403122e-22,2.264934533070671131e-44,2.680138237088116432e-23,3.340188949469154594e-19,2.406640699906377947e-45,2.998613238470638033e-40,5.291090577001312064e-43,4.937121379554161800e-28,1.125618230173590010e-38,5.229066172224763951e-14,4.793137512598065002e-06,2.428752329634594982e-13,4.277970062515706488e-10,5.213273741778198324e-40,1.245985708656436306e-15,4.811913516822132663e-07,9.837428466328720378e-33,8.416338152461351374e-46,2.132358650515800227e-08,3.013877232631194671e-32,2.148006893863551635e-22,8.982138005711893150e-39,3.072647837501485402e-51,1.516143800501001828e-33,2.245391584487968000e-46,9.244822504787670335e-27,2.315507364478910099e-22,2.479505499700712242e-16,1.499342842482447227e-30,2.492943953361549906e-48,6.564322130569147445e-45,6.588396330776725804e-66,7.991441146073469257e-39,3.047581126317614125e-55,1.679413949461000223e-15,8.570202861304181116e-30,1.439433207620212054e-31,1.024956979802332400e-24,4.253218176974024902e-27,1.149775427122625361e-08,1.489315336234304624e-11,4.032705030493132212e-13,3.432457074268724331e-34,9.404517731900952895e-19,6.838404368507567532e-45,5.161356947461211721e-32,8.556655717562427080e-62,3.548104480415083207e-54,4.912260360883366288e-44,3.269821417751180019e-35,6.012734345806439264e-49,3.600388363513983362e-38,5.897434886998433442e-48,1.147812908098080196e-36,6.761565799746013913e-16,4.213764561656180971e-21,5.602232477223331997e-18,3.771551342603122007e-33,6.555037116695112544e-48,1.473191819520722439e-14,4.931548497914408302e-51,1.679193263436904544e-09,3.579462215852471036e-21,1.071626137787214255e-23,2.208370862745869646e-12,3.772951450188795993e-46,9.419719240399719801e-36,2.556894669437886324e-31,1.512572117582062951e-29,5.810143021456079094e-33
8.353938067293560098e-43,6.183752674137440967e-12,2.983083108773619109e-19,7.321496352323676939e-36,2.681683487132925245e-17,1.000000000000000000e+00,6.974784891049682712e-25,1.014742594289729237e-22,2.640217426434712003e-20,5.412596251790539227e-24,4.715799399472238304e-34,1.956091074121846619e-21,3.029413892617423359e-30,1.097641865325506216e-12,3.881925708663417750e-28,6.743969691388280677e-15,1.410344415725742644e-33,5.616227635555026427e-30,2.724564340685858165e-17,2.781254447096547445e-30,3.117365447293808329e-07,1.421834081696634863e-23,6.283933732411753973e-32,7.927551021427151065e-35,4.247869839566078480e-35,8.876690645268235276e-19,1.118044794652314343e-43,2.754540009651478193e-17,3.903325956160874794e-20,1.129147651713092951e-15,1.147216167509737786e-26,6.401704140470118206e-26,9.923772477102067496e-28,2.069734059094269448e-12,1.161945008109565884e-19,6.756926285259660079e-38,6.432559703068806481e-20,3.700927922580708018e-18,1.277447624446889698e-15,8.503735577872909142e-30,3.351307531356620828e-45,4.512763361376799476e-20,5.936229494601365011e-41,1.418053813254728411e-35,3.611345334944158475e-34,6.538118088181689615e-26,3.963871275527818409e-25,2.719030063967255005e-42,2.585440522756573407e-32,1.961019367815493922e-52,7.223283902552598396e-23,1.009402051471997158e-46,2.931270559775726469e-27,3.107950750855419388e-13,6.437579474877207970e-25,6.289429857045673160e-33,3.414630113042137714e-19,1.272047835999484603e-24,2.573211757818537930e-21,3.435621069559099078e-23,1.136878418899661787e-25,2.790631608580715476e-24,8.397303446634622869e-31,4.665234451766284285e-16,3.538400535956409053e-67,1.056084251128623375e-40,3.943731888052170844e-36,3.566362864548553004e-29,1.589610080190896350e-43,4.421141539010424961e-24,5.432947832123830942e-32,3.273836886421867915e-23,1.221248132574146514e-24,1.305143182922459054e-25,7.543234422977079390e-20,3.027931380773786267e-25,8.284574246791465027e-41,5.806155058870427909e-19,7.655773705006861057e-36,4.503064846263595177e-26,3.029954281389174747e-31,4.495178128903798086e-14,9.923218282059600012e-13,1.249654980809823274e-37,3.368101479451553446e-20,6.759762375598019747e-26,3.360806393439097952e-27,6.337067277419636542e-27
7.264758940414158106e-42,2.102268168564343338e-26,3.097583891174839040e-27,4.806406026460205614e-32,3.573676492410744147e-23,6.974784891049682712e-25,1.000000000000000000e+00,2.359023319870522733e-19,2.563608041900005493e-32,3.067738619144540252e-28,1.262243990144452532e-28,1.786418056831684082e-43,4.867837212204368953e-29,3.694226323197619202e-19,4.014746747305446006e-40,7.497533189348131854e-24,1.561899501701708459e-39,8.854803638674619951e-38,2.267091275167898469e-25,2.162441578270743014e-53,9.208748053351912210e-23,6.344655697416325100e-10,1.808259375127678111e-49,2.728978476389714611e-39,1.605773581721806060e-32,7.950513362916629589e-25,1.447491649001917745e-26,1.660864621872844487e-10,1.081751222346399569e-20,1.755844117906197176e-26,1.016449492710999905e-29,3.917057963427652397e-44,1.141572753064847312e-14,8.214268793264304940e-19,1.051736331309796664e-32,2.079336411414597251e-41,1.675926557451440511e-15,5.394343496607160885e-37,1.398104677557770700e-28,3.214208941824537085e-48,1.562661452713738050e-38,3.147555370981348530e-44,5.960823397078494088e-49,2.092743462378630653e-24,3.719164939498417956e-22,1.324722541201549222e-26,7.587019225608538403e-33,2.587509350600392292e-46,8.637211154900192603e-51,1.367768825769530915e-76,1.066182421918085380e-42,7.708815452974023680e-41,4.522660462275065878e-36,2.165510542738583089e-24,2.988302113768340423e-42,8.503462209344866030e-12,1.116623288153046497e-29,1.472246158287096183e-27,2.399543203151787064e-12,8.861735399411902789e-11,3.176754911453347164e-31,1.813453625526664743e-16,5.138120040415223717e-49,3.603434326012492907e-33,5.782858863250570319e-49,7.365960478447441710e-65,4.121627122003335919e-30,1.769151612656455518e-36,1.382358110488189134e-42,8.332046468656879648e-46,4.890034320389523782e-45,2.900282518166175390e-31,6.622247747713506868e-32,3.247799192691551011e-12,2.112577769109057256e-26,7.654393628772680048e-26,7.204438714064055636e-40,5.360891598718782665e-19,4.684394764172111047e-54,1.115099036243473412e-28,7.058650407747630122e-18,2.707774526237175974e-18,4.823491552990349046e-21,5.546880689657562630e-43,2.247630463253125487e-40,5.686327789380405670e-35,3.978026187821895640e-41,1.055611625581290014e-38
3.431700024161572140e-54,6.981286827490668253e-24,7.631537200599921170e-29,1.317636516707462628e-47,6.115918026106520231e-10,1.014742594289729237e-22,2.359023319870522733e-19,1.000000000000000000e+00,8.687028232148673770e-26,1.972872291199224706e-32,1.687015249947909179e-13,5.932400554334322578e-41,5.862084300891139452e-24,1.075528900860498386e-21,6.658089768080904740e-44,3.637747505396424134e-26,5.793529861647817273e-45,1.010742375962568809e-41,1.119219156096822259e-28,2.822257353026596984e-52,1.527186521341805122e-26,3.718126612971553661e-10,2.998832554420644711e-53,3.256545214080966900e-46,1.183785931470636026e-38,5.124551261471246980e-21,2.209471403096605753e-44,1.299337092132020720e-12,2.581252027157607341e-09,3.026385098954131115e-21,4.121503792055969597e-17,6.496081867375948722e-48,3.761763936586698760e-19,4.575587684778319484e-13,1.744208376509070965e-36,1.061442041079091477e-40,6.000819521153363168e-13,3.755489201438846434e-40,2.676557826304763123e-30,1.067385925444818783e-45,6.031287826334499356e-57,1.045251370819918406e-41,2.438533627608264504e-52,1.004003520585707497e-32,4.545099900067145945e-28,1.768073504934328578e-23,1.628311946105808723e-36,4.893389451968541456e-54,2.868275768221271777e-48,4.542135313268882854e-74,3.540616468032209754e-40,1.750577232793609189e-56,1.157812162849023730e-23,6.653297739741069358e-28,9.923659833398134076e-40,1.675884103461135879e-15,3.258908444913884213e-30,2.002126868362936745e-15,1.022798915521607738e-09,2.764291675019007497e-15,9.127984469042793562e-35,1.954325821831956051e-14,8.521101484476103657e-53,2.465522680759299418e-30,7.740727766625474436e-53,2.446114326847263757e-62,1.198064497369705082e-41,6.418319037565584444e-41,6.529932238731409043e-55,4.486320635017525500e-46,2.213689972351727620e-47,1.191387781245549090e-29,6.998029654812420472e-19,8.271181159641881482e-27,6.084120195232454231e-24,2.946336087274234584e-36,3.403206178196288704e-52,1.835693872981033949e-22,7.768639670713753762e-58,1.617776960033280105e-16,7.026111689014829420e-27,1.374033230194871880e-21,3.964123574118549365e-16,4.008247299468632983e-41,3.417756033089744958e-42,2.776831300496046857e-37,1.042789001177987834e-37,1.357007546196370193e-39
1.202695595529633279e-54,1.748379497324089583e-13,6.067959803403138829e-17,6.221832821763741723e-42,1.260059002708404395e-17,2.640217426434712003e-20,2.563608041900005493e-32,8.687028232148673770e-26,1.000000000000000000e+00,2.397623770834510600e-32,3.617397980308235210e-28,1.095422899958917094e-32,5.610105112725894588e-20,5.384003645981569203e-19,1.847415022110439172e-44,2.645688920314743485e-19,8.800876808937156765e-43,6.006085663724973287e-34,1.736156685831866849e-23,3.625765846831097794e-36,2.638696070123992258e-26,2.396113713848854434e-28,7.442438360669467627e-46,1.733938887940355281e-29,1.881683618907540160e-43,4.860780164872664907e-31,1.312923533646348964e-36,4.776018527173384695e-23,1.005037272705299810e-20,4.242728902650051143e-14,3.593548775886747905e-15,1.510669409572155877e-38,7.348455161854148907e-31,3.089063940401311517e-15,2.516593419554151601e-37,2.993123138263967872e-46,5.110121667136070882e-22,1.698967172275133965e-34,2.803165987722206499e-19,4.000596968006420990e-38,3.583943070859047813e-49,5.472516744835841365e-19,1.298390781794656654e-35,5.345790196448659436e-16,6.687771181337095159e-24,1.210779742031965049e-15,3.856542751215862430e-23,2.907775208940054581e-46,3.203959948896173478e-39,1.623140759322049927e-58,6.020261751415273016e-37,2.186208936472624670e-64,1.088440906640854209e-09,8.437684406479827711e-33,1.408047625997712837e-19,2.358871731667019414e-36,3.639045428563220351e-28,3.740411355187945247e-16,9.650916876529959359e-25,1.288541188296094886e-26,2.462303058981111889e-43,3.344551884400508837e-19,1.708993639826984063e-38,1.975572882364139267e-32,3.043024620737799060e-62,2.815824078704800996e-37,1.746959292865036763e-44,3.813926760518381482e-33,5.159631281124487978e-40,1.496682045893776804e-30,5.806244634993903955e-51,1.130064624251102638e-39,9.367956848892524907e-19,7.507324119974636019e-28,1.358956701060479027e-15,5.606375159503808834e-41,1.466957964239655723e-53,4.635486541200539487e-19,4.855293455016213779e-54,6.402123109533925574e-13,5.831987858395601890e-25,1.055055906927201461e-26,4.536885340937815149e-18,2.706559673194554683e-55,9.274064970737887087e-39,3.704805650176365967e-32,4.548226736632686620e-13,4.015839878949076802e-41
1.788333842508127153e-42,1.371340589674092535e-19,1.614622445332775949e-42,9.866322355935148365e-39,6.741858415296213436e-32,5.412596251790539227e-24,3.067738619144540252e-28,1.972872291199224706e-32,2.397623770834510600e-32,1.000000000000000000e+00,5.624088140727995267e-28,7.993816127993960362e-31,2.537370899120442762e-44,1.925623630910526109e-34,9.654784342056934436e-42,4.817318536159860864e-19,3.677385290379688011e-30,2.224986954202943068e-37,1.092671721590566823e-14,4.092508069189062830e-50,2.540854900933155516e-28,6.253691533962477524e-27,4.348556808241462472e-51,1.095509775479860113e-18,4.478869800528457122e-21,4.263163526052496832e-39,5.542063087685593067e-50,1.169790502128376212e-29,3.395964837170170266e-27,6.111620347380376738e-39,7.862002766557535952e-38,9.419859401496007844e-46,4.919138606878513151e-34,1.395003320327298607e-29,2.529247323088915007e-34,3.252345687701194267e-26,3.040627967390720126e-28,5.445771925851733548e-38,6.914308223939963666e-39,8.360527207103474638e-36,4.516164295805946979e-48,2.320155467524276435e-36,1.943067561192912153e-21,1.385898030216654200e-31,1.790116440182842837e-40,2.280007353906605112e-40,2.617190276579839059e-19,6.222520705663312698e-48,4.512810335343763129e-30,4.458557248762420609e-49,2.977143557398739598e-34,1.310813647671340199e-47,2.915759268583061708e-29,1.492639859977221917e-33,1.263909495872536651e-25,2.766297049478754663e-36,1.159153667898597109e-16,1.874887450335696407e-37,2.559585629528430552e-28,1.958394802639874564e-28,2.495637608654023292e-29,1.009489957692870010e-18,1.235630639643822351e-50,9.769615212360804159e-30,2.404684868022170716e-47,2.401104328927961117e-37,2.573470197115110899e-23,5.809467753253500576e-33,6.501705554645607386e-39,6.505538334443164154e-44,2.871307680881053084e-48,1.572309159143534384e-43,8.207018408233719891e-21,6.469495580871066129e-32,1.764312114553388414e-17,8.262820414778357752e-26,1.436860718935250417e-39,2.794376587167849856e-34,1.126517413620099503e-55,3.711462270641142158e-33,1.501925312883715880e-37,1.182732436231013702e-33,2.547915262728939321e-34,2.484942574715303344e-46,4.956030720919009635e-40,7.307434042926147350e-30,5.475037003854590593e-29,1.967773890925799805e-37
1.277909192626560147e-60,3.872242397319107733e-25,3.546593860370035410e-40,7.050285431261230146e-57,1.864838697250133248e-22,4.715799399472238304e-34,1.262243990144452532e-28,1.687015249947909179e-13,3.617397980308235210e-28,5.624088140727995267e-28,1.000000000000000000e+00,2.561891045170074978e-44,2.724278430940195856e-35,4.998290771802197439e-33,3.094204964553145446e-55,9.271123420976628167e-32,2.627789261548092882e-48,5.408185153986103325e-51,5.993860240454482471e-32,1.311583805139739103e-63,7.097273062896081205e-38,1.989460185614901619e-19,1.393643357323865445e-64,9.283468271088297950e-42,2.446969011651931655e-34,4.952028330017142701e-24,1.182223158399210805e-53,6.038391522410745462e-24,9.393443547386385369e-18,1.406447813714689882e-32,2.174677380305075663e-28,3.018915254122792468e-59,3.033860465221373941e-29,2.126406615582487997e-24,8.105835766412528127e-48,3.025864178808221388e-36,3.210862017647657907e-22,1.745283367479614268e-51,1.243873063077202303e-41,2.679416118888662460e-49,3.227164711555273643e-66,1.979627101997217048e-46,6.951553892756829896e-48,4.640345557362223682e-32,2.431949266945266220e-37,8.216743851802333702e-35,6.241263264147912259e-37,2.618308761577888225e-63,7.101701333975867283e-46,1.124609034135663310e-71,2.275605731884351973e-46,9.366823857844348125e-66,6.956671255963058699e-22,3.091977971767545062e-39,4.050629095710571788e-39,9.389927996558524161e-22,3.759042809305904161e-31,5.186051760508569213e-28,5.472696150855651038e-19,1.479091166419920152e-24,4.884115998825119017e-44,6.960442618309969472e-13,3.959999855082571427e-64,8.051300359765737865e-39,4.588416000901289218e-40,6.056451604303541354e-60,1.532674804311161365e-38,3.434253728547940704e-50,4.645994555680970723e-57,2.084921661464713026e-57,1.028765117477010260e-58,1.117052473014015113e-36,1.018621692710718000e-17,4.425665749979533555e-36,1.737007014410882253e-21,5.904453583598545719e-44,1.026753214420041840e-57,8.530995064692384835e-34,3.610309304056670526e-69,1.026612847575107790e-23,3.759465698723750221e-36,6.385525864658641403e-33,1.842241734550120207e-27,1.862747293169550176e-52,1.588329093415919597e-53,3.965092182728838881e-46,2.581891226349397088e-35,6.306402635942755918e-51
1.367709030763341118e-34,2.565631231394286432e-24,1.042193887691105184e-34,5.871149563853160074e-34,2.164110798646619233e-37,1.956091074121846619e-21,1.786418056831684082e-43,5.932400554334322578e-41,1.095422899958917094e-32,7.993816127993960362e-31,2.561891045170074978e-44,1.000000000000000000e+00,5.925809475169659811e-51,2.147087455345676767e-33,4.000808732085246385e-23,1.434219785023666811e-31,2.812446396582529043e-22,4.493120733865855193e-28,4.672929315000090158e-26,1.076777132801312196e-23,2.006266993446684166e-24,3.641675144162480628e-42,6.476377662862123884e-27,5.801351584978370782e-37,1.215872489403261465e-19,1.734058239626787923e-35,2.186997443287784970e-64,7.055070641420402391e-36,9.648578559725675238e-37,6.074638043028459875e-33,3.795772977110431901e-46,4.171378074199885579e-20,1.941180276407540308e-48,4.048588318800279463e-33,1.023176791449977821e-16,1.934042495052583349e-22,1.258267261892876836e-40,7.268578497427800152e-13,4.462993679688005418e-31,1.080567430162525481e-16,3.453940503145562679e-40,1.497595833463429404e-28,1.888715573206842487e-29,5.883487491827246437e-48,7.064120375255838509e-55,1.278915443384679482e-46,8.490839481572336559e-25,2.802299693279808904e-37,2.508614809055830379e-37,1.439298904193068778e-43,6.250462605929321830e-19,1.002503906683061398e-39,1.216180480063628030e-39,1.421741064632836459e-26,6.817221926164258653e-25,1.610881373305233666e-51,1.223658855383848285e-16,2.488241417854602532e-45,6.590643324523841111e-40,7.728176959656563959e-43,1.534185248432374269e-18,1.516030162180265622e-34,7.932715143537543772e-25,1.998441595296123325e-13,1.922260868073865536e-77,1.900538534098367741e-43,1.128818746657933463e-20,3.600727556821240765e-24,4.972472807415745808e-31,1.787988074912854410e-18,7.331609326892033716e-25,1.497626157381862582e-36,6.634515995575483349e-35,2.552978930565598806e-46,3.129678504488051182e-32,4.222088058461260490e-20,1.098904094148695195e-31,1.135736808562384887e-39,1.409236083971320679e-25,6.411319096556690464e-42,5.926866524822638962e-52,1.151328321028704601e-32,2.743889067832082296e-30,1.686374026735465965e-30,6.199830771142243369e-10,5.775591775486352016e-22,2.490460824535385379e-34,6.531138409663580358e-22
1.638719671221155586e-60,1.798276980585398345e-29,1.844383411162567392e-18,1.016622754387189733e-41,3.422748311168107029e-17,3.029413892617423359e-30,4.867837212204368953e-29,5.862084300891139452e-24,5.610105112725894588e-20,2.537370899120442762e-44,2.724278430940195856e-35,5.925809475169659811e-51,1.000000000000000000e+00,1.636491890522738155e-20,1.156995660618649259e-41,5.267185219483358757e-26,9.845058048498934832e-52,7.580281954915447529e-27,1.644890766069367903e-32,2.025945709678561246e-36,8.020434242341362677e-28,6.566094060344984645e-28,2.262162291075205454e-47,6.624288690055478606e-36,1.991358825369762991e-55,3.118247963892935878e-37,3.288638625577005766e-22,1.674789393596508792e-20,2.254919221646312536e-21,9.755000105677732116e-19,2.747081863176878006e-12,4.591746961149938300e-40,8.822723805859527339e-27,1.463673016012074715e-18,2.943894722894939818e-37,3.167579351230600622e-58,8.344891010450904872e-17,4.073812715446290929e-39,2.444307638345010833e-25,2.459506164601901974e-52,8.977136377441845153e-35,1.001904174525230138e-31,7.392388108404271453e-47,7.290275976882089869e-22,1.418787733183469613e-11,4.633464632725731272e-05,5.105083854506433392e-35,7.283456821021013255e-32,1.797455209027142010e-58,9.105990272546423820e-78,2.188231660471263841e-52,2.338876376472242476e-62,6.904850520645192420e-21,2.564671759890125173e-34,9.196441907222482280e-31,1.316563389730616041e-33,1.600744389021677197e-39,2.068755686991781117e-13,7.634676649956821285e-19,1.609086256233963107e-22,1.431240234730221309e-43,3.539491360282329660e-31,5.194562293097990932e-40,1.413292606049821021e-45,3.220389375468889491e-74,6.901012345917829711e-48,1.848782000572568097e-56,2.300462384326957075e-34,5.392569652476358572e-46,4.640180931020116268e-38,2.141087575456659549e-56,3.434881762633720146e-41,4.224905557648899617e-31,4.304528615220131716e-22,1.438164414442477443e-27,1.419463897305730011e-45,2.467058694798439509e-60,1.527237992520883110e-14,1.475788072909741378e-55,1.354805721907205149e-15,1.482679910124326988e-23,3.206889425164384153e-28,2.159638866104590412e-21,2.175526110949964465e-55,1.018117674845197966e-44,1.316440579033045490e-35,2.551603006901964845e-32,9.837261185145818691e-41
5.718162371236934806e-53,1.371781235682745144e-17,4.678355571397156111e-10,3.783168898901462740e-43,5.468562371997233136e-16,1.097641865325506216e-12,3.694226323197619202e-19,1.075528900860498386e-21,5.384003645981569203e-19,1.925623630910526109e-34,4.998290771802197439e-33,2.147087455345676767e-33,1.636491890522738155e-20,1.000000000000000000e+00,1.187096806066656489e-27,6.061494523112050707e-25,9.653624797699483835e-44,3.227597747510095038e-36,1.864928991025086799e-27,6.547472542326678590e-41,9.305456894918297471e-10,1.907936645693194208e-19,2.788239862286702655e-32,5.426305962724431287e-45,1.511252301775619888e-45,1.129828948093211327e-19,3.754322098529046986e-32,8.277520186048980272e-10,4.137147586938986062e-19,9.333023401418553452e-13,2.339434611240404377e-25,6.039895220089974853e-27,1.577414994427078933e-24,1.136463145665336390e-09,1.846821975729326132e-19,2.403892018162673103e-48,3.306150843651907057e-15,1.633307289446309773e-24,4.233201987786552319e-16,5.820696826412433455e-40,1.024833231028099649e-44,9.530214630553594767e-32,4.063272177699226215e-51,2.891734152013150366e-34,4.091386311371375759e-30,3.542326435917242138e-20,2.713218531136811135e-35,8.314821423118088511e-42,6.512685814518908267e-41,4.141350647788536246e-64,7.928578816573537394e-35,1.774985132002000433e-52,5.977527162413495603e-26,4.118155586113418647e-15,4.406439743575432495e-35,5.514756986682330970e-29,1.214813026986347048e-29,9.314419904979685150e-23,9.004476691054004687e-16,9.357656312356051324e-20,1.086175465503208922e-33,2.957799311444317532e-23,5.851831938669560132e-33,5.120756645817560451e-28,3.750361974215902136e-66,2.230276390591107605e-52,1.403050027072761789e-46,1.568330078775186816e-38,1.088067504483104055e-53,2.522789333275139635e-33,7.757762535772153604e-39,2.098929901532557704e-21,1.294404777228047437e-23,1.405434719139602880e-14,1.013782874887520903e-22,1.077238343367049379e-35,5.670683734799207916e-51,6.221464296499355130e-08,7.223087789178234581e-37,9.182773095742292094e-25,9.753579842990029073e-28,1.959612170238142618e-08,2.809128844779928930e-09,1.677526252125271989e-44,6.805408706215838476e-28,4.626969764832168352e-36,9.507763656708950152e-28,4.909084684737634715e-34
1.049175200664982198e-26,7.932804843202070069e-33,6.342634337277905507e-36,3.266692425610234025e-30,3.866259876302952196e-37,3.881925708663417750e-28,4.014746747305446006e-40,6.658089768080904740e-44,1.847415022110439172e-44,9.654784342056934436e-42,3.094204964553145446e-55,4.000808732085246385e-23,1.156995660618649259e-41,1.187096806066656489e-27,1.000000000000000000e+00,9.722974224931445941e-35,3.475614029423055609e-17,2.780430291951984368e-23,1.507582093690953372e-31,2.225910533677829954e-32,1.026507906093810996e-25,1.181113166617187137e-41,4.504043440202839586e-10,2.015907443530256961e-44,5.275968150848124372e-29,1.926566714062151760e-42,1.684958274162098076e-52,5.124220503207494171e-32,2.561112025497477594e-41,1.265315425325337698e-38,1.653974400472970741e-46,2.357891742206198960e-09,1.002075099627401289e-46,1.072040740919969199e-31,7.130060869352451463e-11,7.578194899709571295e-23,2.253227976638162974e-36,3.708518563180584197e-18,8.280722329037338142e-38,5.387153570876593570e-14,5.598125858440101180e-25,3.930636978604333949e-46,6.563084010626095498e-37,2.044448790072068931e-55,2.892599856794372321e-51,2.504415902447167737e-41,2.950475636926266270e-32,5.261922975907893916e-22,1.003648803350892848e-59,1.656730102734622183e-62,1.680242654882975911e-38,5.595585480864818805e-27,3.259168617570516000e-48,1.416380213149632400e-30,2.368911489649604187e-32,3.413924724580208573e-51,8.329166882213183955e-26,6.585271502811476607e-44,5.574244827420573054e-38,5.792881594968565237e-42,3.868664388041525829e-13,1.831033393506036227e-45,4.040094711936167904e-11,1.057334521980457858e-30,2.321671381136169915e-88,2.187648022016093383e-62,2.034580315168886273e-29,1.705027651115847639e-22,9.308124691440055347e-32,1.179518845966377092e-26,4.689708748726724321e-18,1.328466720318908705e-39,4.393268690715405628e-48,1.966926383942717024e-34,1.087529707627197331e-39,6.993670014458772991e-23,5.902252018072530228e-25,7.575739120455575437e-28,1.166797075635246180e-14,6.492197538984316604e-46,6.895756477126393248e-49,9.993077197556237779e-30,3.334707879467969835e-36,5.288349390045013416e-19,2.772474847124370548e-16,6.988370682189440289e-22,2.866688361721696341e-53,1.767427671931684957e-07
4.545869267905294780e-36,1.763420847203186363e-14,3.351703719015178492e-24,7.604564313435218462e-26,3.349622716960700757e-20,6.743969691388280677e-15,7.497533189348131854e-24,3.637747505396424134e-26,2.645688920314743485e-19,4.817318536159860864e-19,9.271123420976628167e-32,1.434219785023666811e-31,5.267185219483358757e-26,6.061494523112050707e-25,9.722974224931445941e-35,1.000000000000000000e+00,1.869130785847816849e-26,1.293838411481027616e-22,3.122902836195895331e-07,2.379809072233282973e-35,2.760591856080926232e-21,1.528398134678890326e-22,1.901039597415198509e-40,8.952092494737576231e-21,3.780688816492937354e-30,7.860778698740631920e-33,1.524869107318650313e-33,2.156957903426812022e-23,3.018470194456072400e-19,8.217779965542108478e-23,1.632028836694854310e-19,3.858738530341253501e-33,2.106156212883107619e-26,9.082457983906365863e-20,2.473942944290229081e-30,1.973823245905188646e-34,1.053723110320736243e-17,4.339711950147786869e-29,4.553506592500087540e-21,5.952726656907458105e-33,3.480877737269213835e-35,4.198121290684157583e-21,6.703416397072134653e-27,2.102698971298037702e-21,4.925409932996615506e-24,4.732938743395033600e-22,4.476154388643758399e-11,3.618419555231643856e-33,2.489201560577126386e-42,2.203916859940086630e-58,5.296162751795563873e-33,8.263287946235730093e-46,4.667465727919345325e-23,2.155257644050952598e-27,3.985713751842899766e-19,6.760811957912625447e-32,5.052334240524049987e-16,3.891973171926198199e-19,4.719578798993495986e-22,3.693115041884319295e-22,2.563794501701631150e-26,1.331973256497832284e-19,7.185239360411233070e-36,5.046252444361631403e-27,4.135286456825842835e-62,9.824511999376518978e-42,3.509999978231085104e-31,3.704247665150998095e-19,1.795048234943345462e-29,3.782995387260657365e-29,1.483102772034255730e-45,2.899155584931248675e-37,1.089597401446818348e-30,1.058112052415101545e-19,3.076350281767009945e-14,2.119060603253706729e-22,4.683827494185643381e-35,4.809588632114567575e-18,1.240199067530657903e-48,1.150801962322007663e-15,4.132467413092363988e-21,2.180821327687414517e-27,8.787534230017157608e-27,1.283535458580789838e-43,2.368896305751607447e-33,4.249300804322641129e-15,4.105393507051887675e-28,2.638776271930821701e-28
3.854814016475693286e-16,3.779098759011165659e-31,6.264772606251890874e-50,1.000854892479053655e-25,2.615856730932014198e-39,1.410344415725742644e-33,1.561899501701708459e-39,5.793529861647817273e-45,8.800876808937156765e-43,3.677385290379688011e-30,2.627789261548092882e-48,2.812446396582529043e-22,9.845058048498934832e-52,9.653624797699483835e-44,3.475614029423055609e-17,1.869130785847816849e-26,1.000000000000000000e+00,1.298772012314777984e-25,5.069171970915909018e-20,4.916293846947688431e-38,4.396558950367204553e-40,5.391975939680994510e-39,6.820489696984551643e-23,9.021580081513783172e-31,3.484088503359618428e-16,1.251919108167899521e-51,3.728174639647974015e-56,3.435202692128217546e-42,4.807259762293324607e-38,2.371322896120712109e-46,3.050475342057751761e-45,1.058970907790249765e-24,4.387582230488393757e-42,1.446485537241512030e-38,4.970577845876511250e-27,1.141338541415207272e-13,1.678174831127080563e-36,4.369243764992562925e-28,2.682767657400776252e-46,2.434738138846279808e-10,1.438493833053650806e-28,1.872511125834166278e-44,2.663101094919264567e-25,9.149308189412565339e-42,1.204220632048712641e-46,8.846481512811537408e-48,2.282063852698762833e-20,1.140402125675713512e-29,7.055344680142639215e-59,7.892475358984913860e-61,1.927041046691693098e-38,2.484080829597072267e-22,1.552631171637047376e-46,4.383280985819569251e-46,4.443598891561662063e-30,1.408424419269664998e-47,6.990580833617337877e-18,7.274606873341035643e-45,7.516470196407721081e-41,7.693563200015287316e-38,1.035442223783182559e-13,3.775319193976967751e-36,1.072669386609717981e-23,6.161270335252374860e-33,1.533160992697665287e-75,1.042170844810187578e-60,1.343574806095481506e-16,4.279599664647109408e-18,4.165567847970587514e-18,1.074784533311239056e-33,3.408474836047601852e-25,4.617237570762033215e-56,3.088333765953728036e-47,4.352063297422800513e-38,6.268422097917383027e-34,2.040526758162222145e-14,1.666831607902955902e-11,1.084224609006519471e-41,7.672239529180223537e-30,1.440055985190885126e-40,1.010352963065381908e-43,3.473207930493409036e-46,1.399515549013035304e-45,2.949828153679961755e-23,1.052777646136868764e-25,7.478543433939377653e-17,1.365658004247748743e-51,1.000792584765858387e-11
2.161818888753240716e-34,1.028667833770380725e-33,4.298593637142735678e-35,1.341141082130802386e-15,5.149240867285809513e-36,5.616227635555026427e-30,8.854803638674619951e-38,1.010742375962568809e-41,6.006085663724973287e-34,2.224986954202943068e-37,5.408185153986103325e-51,4.493120733865855193e-28,7.580281954915447529e-27,3.227597747510095038e-36,2.780430291951984368e-23,1.293838411481027616e-22,1.298772012314777984e-25,1.000000000000000000e+00,2.036281263840251897e-23,2.442111272604590063e-16,1.469947720402617660e-32,2.721926553773945707e-37,5.436307821633344338e-29,3.768665517972759154e-22,2.627024742896882068e-29,2.787286010422320444e-44,4.867435292365502670e-37,1.148527387763801859e-34,2.788449657342030052e-37,6.846928679490439099e-35,1.999109284754828840e-29,1.103464151017920536e-21,2.309325557993322890e-42,1.550989196459569309e-33,1.661865485283596033e-19,4.178709143103282443e-32,5.192661664151588974e-32,1.705749116489053696e-19,2.194645188662656218e-32,1.864868958333713341e-29,5.967186070130553083e-16,1.896686975395565503e-31,9.752128156144196930e-21,7.352994232546560433e-33,1.040342520064993399e-28,6.811419886577792972e-23,8.501433671496633329e-19,4.841381511592782171e-13,1.452042251398930348e-61,1.672038077442541043e-61,2.430913402523932741e-40,5.241150309095710975e-37,1.038777475030639670e-39,1.465508359088753655e-38,4.351596585863699459e-18,7.867537694998932389e-47,1.919492657290702973e-21,5.476761946133243975e-31,3.266808251742770194e-34,1.334994705153755735e-37,1.888109496774234181e-17,4.219695923723668493e-41,1.248329517972300227e-21,1.529712778665617039e-32,5.350392460318556010e-84,4.939443565022733633e-46,2.438935664357078371e-30,3.034797911224420515e-08,7.113943365892263000e-20,9.957906288625327245e-17,4.241154792808346682e-34,1.543729520818117826e-48,6.356019893979334483e-50,1.249660950505952492e-33,1.794547560942803429e-33,1.872574009447334682e-19,3.254573786927108510e-34,2.560988445386438013e-29,3.546535222289102196e-37,2.755539567495101147e-32,3.711628718520732247e-36,1.161234078184410475e-38,4.679147292606889344e-38,1.649547039460962897e-32,6.774214242094587366e-22,1.736664397000954775e-09,3.531217212210142111e-43,1.017168615823306403e-17
