1.000000000000000000e+00,9.811146259307861328e-01,9.795558452606201172e-01,9.980881810188293457e-01,9.826326370239257812e-01,9.861975312232971191e-01,9.809897541999816895e-01,9.823356866836547852e-01,9.861460924148559570e-01,9.921792745590209961e-01,9.783294200897216797e-01,9.941763877868652344e-01,9.777984023094177246e-01,9.792693257331848145e-01,9.965237379074096680e-01,9.910471439361572266e-01,9.980081915855407715e-01,9.960570931434631348e-01,9.911305308341979980e-01,9.934186339378356934e-01,9.869831800460815430e-01,9.862619638442993164e-01,9.969684481620788574e-01,9.939066171646118164e-01,9.970231652259826660e-01,9.800945520401000977e-01,9.917981028556823730e-01,9.823895096778869629e-01,9.777290821075439453e-01,9.807162284851074219e-01,9.833418726921081543e-01,9.952270984649658203e-01,9.867786169052124023e-01,9.818778634071350098e-01,9.921733736991882324e-01,9.972383975982666016e-01,9.843655824661254883e-01,9.923747777938842773e-01,9.825181961059570312e-01,9.975196719169616699e-01,9.961639642715454102e-01,9.773085713386535645e-01,9.958988428115844727e-01,9.826254248619079590e-01,9.871432781219482422e-01,9.863890409469604492e-01,9.952100515365600586e-01,9.946169257164001465e-01,9.778333306312561035e-01,9.848994016647338867e-01,9.804025292396545410e-01,9.982960224151611328e-01,9.805551171302795410e-01,9.824841618537902832e-01,9.935868978500366211e-01,9.873023033142089844e-01,9.944757819175720215e-01,9.823225736618041992e-01,9.833131432533264160e-01,9.793892502784729004e-01,9.963787794113159180e-01,9.852039217948913574e-01,9.958751201629638672e-01,9.875901341438293457e-01,9.824043512344360352e-01,9.859113693237304688e-01,9.975423812866210938e-01,9.952428340911865234e-01,9.974786639213562012e-01,9.926566481590270996e-01,9.972177147865295410e-01,9.813299179077148438e-01,9.831731319427490234e-01,9.874320626258850098e-01,9.804825782775878906e-01,9.978275299072265625e-01,9.968957304954528809e-01,9.854825139045715332e-01,9.931356906890869141e-01,9.838420748710632324e-01,9.891624450683593750e-01,9.796403050422668457e-01,9.751867055892944336e-01,9.982599020004272461e-01,9.933888912200927734e-01,9.948779344558715820e-01,9.802286028861999512e-01,9.973213672637939453e-01
9.811146259307861328e-01,1.000000000000000000e+00,9.965234398841857910e-01,9.810681343078613281e-01,9.905744791030883789e-01,9.900172948837280273e-01,9.942165613174438477e-01,9.928295016288757324e-01,9.921289086341857910e-01,9.936050176620483398e-01,9.931763410568237305e-01,9.914346337318420410e-01,9.908869266510009766e-01,9.951434731483459473e-01,9.843229055404663086e-01,9.944885969161987305e-01,9.867149591445922852e-01,9.827015995979309082e-01,9.900981187820434570e-01,9.862938523292541504e-01,9.906753897666931152e-01,9.907680153846740723e-01,9.869168400764465332e-01,9.852454662322998047e-01,9.834561944007873535e-01,9.952045679092407227e-01,9.825588464736938477e-01,9.949091672897338867e-01,9.948425292968750000e-01,9.918838739395141602e-01,9.900316596031188965e-01,9.888337254524230957e-01,9.903762936592102051e-01,9.951992034912109375e-01,9.883010983467102051e-01,9.859001636505126953e-01,9.919295310974121094e-01,9.898460507392883301e-01,9.909062981605529785e-01,9.877200126647949219e-01,9.789326786994934082e-01,9.949556589126586914e-01,9.811140298843383789e-01,9.927619099617004395e-01,9.875756502151489258e-01,9.906097054481506348e-01,9.862735271453857422e-01,9.808434247970581055e-01,9.891491532325744629e-01,9.842547178268432617e-01,9.925874471664428711e-01,9.763265848159790039e-01,9.969311952590942383e-01,9.972180128097534180e-01,9.929308891296386719e-01,9.859011173248291016e-01,9.900118112564086914e-01,9.903345108032226562e-01,9.942128062248229980e-01,9.841640591621398926e-01,9.865597486495971680e-01,9.932985901832580566e-01,9.835481047630310059e-01,9.846149086952209473e-01,9.847088456153869629e-01,9.883802533149719238e-01,9.886852502822875977e-01,9.800195097923278809e-01,9.794149994850158691e-01,9.903911948204040527e-01,9.799338579177856445e-01,9.950439929962158203e-01,9.932405352592468262e-01,9.893108010292053223e-01,9.799096584320068359e-01,9.866913557052612305e-01,9.724258184432983398e-01,9.934333562850952148e-01,9.885712862014770508e-01,9.906867146492004395e-01,9.852663874626159668e-01,9.938138127326965332e-01,9.921202063560485840e-01,9.820449948310852051e-01,9.922378659248352051e-01,9.816317558288574219e-01,9.961470961570739746e-01,9.882051944732666016e-01
9.795558452606201172e-01,9.965234398841857910e-01,1.000000000000000000e+00,9.818246364593505859e-01,9.945018291473388672e-01,9.918031692504882812e-01,9.953414797782897949e-01,9.964905381202697754e-01,9.951714873313903809e-01,9.913074970245361328e-01,9.920798540115356445e-01,9.910634756088256836e-01,9.955511093139648438e-01,9.990872740745544434e-01,9.846381545066833496e-01,9.956259727478027344e-01,9.834616780281066895e-01,9.854586720466613770e-01,9.893404841423034668e-01,9.879900217056274414e-01,9.942640066146850586e-01,9.941574335098266602e-01,9.878047108650207520e-01,9.847063422203063965e-01,9.837783575057983398e-01,9.950079917907714844e-01,9.880809187889099121e-01,9.985585808753967285e-01,9.960401654243469238e-01,9.971563816070556641e-01,9.935102462768554688e-01,9.886708855628967285e-01,9.934784770011901855e-01,9.972894787788391113e-01,9.897960424423217773e-01,9.838300347328186035e-01,9.945971369743347168e-01,9.903985261917114258e-01,9.966760873794555664e-01,9.849203228950500488e-01,9.820498824119567871e-01,9.956026077270507812e-01,9.804463386535644531e-01,9.948484897613525391e-01,9.936128854751586914e-01,9.951838254928588867e-01,9.881491661071777344e-01,9.823494553565979004e-01,9.903550148010253906e-01,9.853715300559997559e-01,9.964981675148010254e-01,9.732057452201843262e-01,9.970501065254211426e-01,9.985181689262390137e-01,9.917109012603759766e-01,9.872958064079284668e-01,9.879390597343444824e-01,9.941212534904479980e-01,9.954977631568908691e-01,9.866338968276977539e-01,9.861195683479309082e-01,9.928256273269653320e-01,9.845821261405944824e-01,9.872002601623535156e-01,9.777206182479858398e-01,9.923775792121887207e-01,9.862467646598815918e-01,9.802179336547851562e-01,9.778273701667785645e-01,9.928210377693176270e-01,9.799098968505859375e-01,9.971365332603454590e-01,9.961051940917968750e-01,9.928184151649475098e-01,9.849177598953247070e-01,9.873805046081542969e-01,9.708656072616577148e-01,9.972822070121765137e-01,9.911056756973266602e-01,9.960399866104125977e-01,9.882876276969909668e-01,9.954743981361389160e-01,9.931024312973022461e-01,9.815139770507812500e-01,9.928873777389526367e-01,9.819896221160888672e-01,9.973042011260986328e-01,9.865558743476867676e-01
9.980881810188293457e-01,9.810681343078613281e-01,9.818246364593505859e-01,1.000000000000000000e+00,9.880231022834777832e-01,9.904412627220153809e-01,9.802027344703674316e-01,9.861904978752136230e-01,9.908393621444702148e-01,9.932066798210144043e-01,9.812957048416137695e-01,9.955935478210449219e-01,9.810458421707153320e-01,9.804987907409667969e-01,9.977669119834899902e-01,9.918789863586425781e-01,9.968258738517761230e-01,9.973421692848205566e-01,9.940600395202636719e-01,9.969264268875122070e-01,9.918415546417236328e-01,9.901178479194641113e-01,9.975961446762084961e-01,9.968378543853759766e-01,9.977545738220214844e-01,9.833213686943054199e-01,9.954192042350769043e-01,9.845016598701477051e-01,9.805018305778503418e-01,9.850692749023437500e-01,9.888326525688171387e-01,9.972978234291076660e-01,9.903847575187683105e-01,9.847515821456909180e-01,9.943028688430786133e-01,9.957954883575439453e-01,9.892995357513427734e-01,9.962286353111267090e-01,9.871194362640380859e-01,9.964065551757812500e-01,9.967769980430603027e-01,9.773469567298889160e-01,9.977429509162902832e-01,9.825195074081420898e-01,9.906317591667175293e-01,9.905231595039367676e-01,9.979220032691955566e-01,9.937663078308105469e-01,9.813637733459472656e-01,9.851903319358825684e-01,9.817178845405578613e-01,9.950642585754394531e-01,9.822267293930053711e-01,9.851126670837402344e-01,9.951899051666259766e-01,9.911726117134094238e-01,9.959053397178649902e-01,9.873326420783996582e-01,9.878447055816650391e-01,9.833496212959289551e-01,9.966684579849243164e-01,9.874580502510070801e-01,9.978386759757995605e-01,9.925815463066101074e-01,9.828149676322937012e-01,9.869835376739501953e-01,9.957754611968994141e-01,9.985414147377014160e-01,9.977363944053649902e-01,9.948740601539611816e-01,9.969723224639892578e-01,9.844936728477478027e-01,9.872931241989135742e-01,9.922493696212768555e-01,9.837163090705871582e-01,9.974550604820251465e-01,9.968372583389282227e-01,9.895436763763427734e-01,9.952377080917358398e-01,9.884732365608215332e-01,9.931382536888122559e-01,9.825540184974670410e-01,9.771879315376281738e-01,9.975518584251403809e-01,9.947180151939392090e-01,9.965826272964477539e-01,9.830161333084106445e-01,9.973674416542053223e-01
9.826326370239257812e-01,9.905744791030883789e-01,9.945018291473388672e-01,9.880231022834777832e-01,1.000000000000000000e+00,9.950740933418273926e-01,9.905322790145874023e-01,9.980429410934448242e-01,9.970043301582336426e-01,9.940474629402160645e-01,9.948638677597045898e-01,9.933840036392211914e-01,9.944682717323303223e-01,9.924287199974060059e-01,9.877923130989074707e-01,9.943795204162597656e-01,9.856224060058593750e-01,9.890670776367187500e-01,9.943207502365112305e-01,9.921588897705078125e-01,9.972500205039978027e-01,9.974616169929504395e-01,9.895912408828735352e-01,9.922921657562255859e-01,9.894676208496093750e-01,9.938859343528747559e-01,9.927514195442199707e-01,9.952470660209655762e-01,9.925833344459533691e-01,9.982351660728454590e-01,9.979735612869262695e-01,9.919360280036926270e-01,9.972172975540161133e-01,9.957038164138793945e-01,9.948372840881347656e-01,9.865224957466125488e-01,9.987400174140930176e-01,9.942685365676879883e-01,9.966318607330322266e-01,9.863454103469848633e-01,9.854155778884887695e-01,9.877095222473144531e-01,9.860703349113464355e-01,9.902064204216003418e-01,9.949284195899963379e-01,9.971808791160583496e-01,9.938471913337707520e-01,9.823617339134216309e-01,9.926135540008544922e-01,9.861822128295898438e-01,9.921866059303283691e-01,9.760591387748718262e-01,9.931780099868774414e-01,9.959294795989990234e-01,9.933078885078430176e-01,9.937658905982971191e-01,9.911822676658630371e-01,9.961454272270202637e-01,9.975391626358032227e-01,9.940845966339111328e-01,9.890713691711425781e-01,9.958478808403015137e-01,9.876814484596252441e-01,9.950185418128967285e-01,9.829338788986206055e-01,9.901672005653381348e-01,9.878237247467041016e-01,9.889425039291381836e-01,9.840602278709411621e-01,9.946753382682800293e-01,9.845836758613586426e-01,9.950725436210632324e-01,9.981076717376708984e-01,9.959813952445983887e-01,9.909951686859130859e-01,9.899185299873352051e-01,9.790259003639221191e-01,9.970294833183288574e-01,9.933987259864807129e-01,9.975464940071105957e-01,9.950496554374694824e-01,9.963449239730834961e-01,9.887764453887939453e-01,9.856804609298706055e-01,9.941512942314147949e-01,9.890636205673217773e-01,9.958597421646118164e-01,9.895383119583129883e-01
9.861975312232971191e-01,9.900172948837280273e-01,9.918031692504882812e-01,9.904412627220153809e-01,9.950740933418273926e-01,1.000000000000000000e+00,9.849737882614135742e-01,9.962294101715087891e-01,9.955415129661560059e-01,9.952032566070556641e-01,9.920740723609924316e-01,9.941917061805725098e-01,9.854736328125000000e-01,9.885777831077575684e-01,9.920073151588439941e-01,9.961155056953430176e-01,9.885160326957702637e-01,9.885911941528320312e-01,9.949482679367065430e-01,9.923737049102783203e-01,9.956494569778442383e-01,9.919679164886474609e-01,9.914627671241760254e-01,9.923437833786010742e-01,9.929182529449462891e-01,9.938863515853881836e-01,9.927850961685180664e-01,9.917174577713012695e-01,9.895667433738708496e-01,9.941023588180541992e-01,9.962219595909118652e-01,9.939866662025451660e-01,9.961766600608825684e-01,9.953789114952087402e-01,9.919424653053283691e-01,9.890095591545104980e-01,9.965324401855468750e-01,9.961206912994384766e-01,9.922235012054443359e-01,9.896374940872192383e-01,9.898789525032043457e-01,9.828671216964721680e-01,9.900727868080139160e-01,9.837105274200439453e-01,9.902938604354858398e-01,9.955356121063232422e-01,9.954593777656555176e-01,9.859870672225952148e-01,9.909110665321350098e-01,9.909732341766357422e-01,9.885844588279724121e-01,9.810937643051147461e-01,9.902714490890502930e-01,9.948680400848388672e-01,9.943245649337768555e-01,9.930787682533264160e-01,9.935985207557678223e-01,9.943116307258605957e-01,9.959583282470703125e-01,9.885333180427551270e-01,9.947389960289001465e-01,9.943147897720336914e-01,9.899511337280273438e-01,9.966022372245788574e-01,9.898223876953125000e-01,9.917649626731872559e-01,9.900724291801452637e-01,9.915019273757934570e-01,9.879972934722900391e-01,9.937059283256530762e-01,9.885054826736450195e-01,9.940833449363708496e-01,9.955986142158508301e-01,9.933408498764038086e-01,9.929249286651611328e-01,9.916611909866333008e-01,9.839801788330078125e-01,9.952871203422546387e-01,9.925403594970703125e-01,9.960899949073791504e-01,9.953581690788269043e-01,9.916307926177978516e-01,9.902989268302917480e-01,9.892231225967407227e-01,9.944563508033752441e-01,9.895619750022888184e-01,9.911851286888122559e-01,9.926156401634216309e-01
9.809897541999816895e-01,9.942165613174438477e-01,9.953414797782897949e-01,9.802027344703674316e-01,9.905322790145874023e-01,9.849737882614135742e-01,1.000000000000000000e+00,9.927795529365539551e-01,9.874744415283203125e-01,9.909778833389282227e-01,9.931070804595947266e-01,9.884709715843200684e-01,9.959164857864379883e-01,9.968619942665100098e-01,9.814319014549255371e-01,9.910535216331481934e-01,9.826352596282958984e-01,9.841923713684082031e-01,9.885578155517578125e-01,9.830093979835510254e-01,9.888972043991088867e-01,9.919522404670715332e-01,9.856119155883789062e-01,9.837649464607238770e-01,9.831039905548095703e-01,9.885761141777038574e-01,9.828417301177978516e-01,9.967788457870483398e-01,9.950312972068786621e-01,9.916202425956726074e-01,9.876373410224914551e-01,9.865655899047851562e-01,9.914755821228027344e-01,9.905740022659301758e-01,9.907416701316833496e-01,9.851544499397277832e-01,9.906893372535705566e-01,9.851706027984619141e-01,9.903491735458374023e-01,9.848394393920898438e-01,9.788535237312316895e-01,9.911182522773742676e-01,9.786545634269714355e-01,9.939891099929809570e-01,9.877136349678039551e-01,9.877157211303710938e-01,9.856902956962585449e-01,9.810061454772949219e-01,9.852505326271057129e-01,9.801720380783081055e-01,9.932115674018859863e-01,9.743844270706176758e-01,9.906368851661682129e-01,9.944825172424316406e-01,9.885700941085815430e-01,9.830000400543212891e-01,9.856864809989929199e-01,9.847921133041381836e-01,9.909296631813049316e-01,9.900186657905578613e-01,9.852055907249450684e-01,9.918968081474304199e-01,9.829512834548950195e-01,9.802780747413635254e-01,9.777683615684509277e-01,9.864245057106018066e-01,9.869221448898315430e-01,9.781923890113830566e-01,9.774407744407653809e-01,9.876394271850585938e-01,9.785568714141845703e-01,9.902650117874145508e-01,9.907814264297485352e-01,9.869177341461181641e-01,9.828464984893798828e-01,9.879188537597656250e-01,9.727789759635925293e-01,9.922989010810852051e-01,9.877126812934875488e-01,9.907749295234680176e-01,9.819113016128540039e-01,9.961276650428771973e-01,9.835756421089172363e-01,9.808412194252014160e-01,9.894002079963684082e-01,9.829996824264526367e-01,9.941872358322143555e-01,9.853690266609191895e-01
9.823356866836547852e-01,9.928295016288757324e-01,9.964905381202697754e-01,9.861904978752136230e-01,9.980429410934448242e-01,9.962294101715087891e-01,9.927795529365539551e-01,1.000000000000000000e+00,9.963642954826354980e-01,9.944654107093811035e-01,9.957491755485534668e-01,9.927369952201843262e-01,9.926493167877197266e-01,9.956368207931518555e-01,9.871775507926940918e-01,9.955103993415832520e-01,9.844228625297546387e-01,9.873030185699462891e-01,9.925709962844848633e-01,9.889280200004577637e-01,9.967566132545471191e-01,9.968147277832031250e-01,9.884892702102661133e-01,9.888373017311096191e-01,9.889626502990722656e-01,9.957937598228454590e-01,9.914551377296447754e-01,9.977658987045288086e-01,9.957712888717651367e-01,9.976804852485656738e-01,9.962728023529052734e-01,9.908745884895324707e-01,9.981783032417297363e-01,9.972029924392700195e-01,9.922077059745788574e-01,9.866922497749328613e-01,9.983890652656555176e-01,9.929977655410766602e-01,9.959601163864135742e-01,9.860570430755615234e-01,9.838494062423706055e-01,9.886186718940734863e-01,9.852324724197387695e-01,9.903380274772644043e-01,9.932163953781127930e-01,9.959158301353454590e-01,9.926694631576538086e-01,9.825947880744934082e-01,9.914337992668151855e-01,9.879390001296997070e-01,9.932728409767150879e-01,9.752570986747741699e-01,9.938426613807678223e-01,9.975603222846984863e-01,9.923505783081054688e-01,9.933491945266723633e-01,9.911924600601196289e-01,9.954549670219421387e-01,9.983319044113159180e-01,9.915336370468139648e-01,9.897261857986450195e-01,9.959787726402282715e-01,9.865094423294067383e-01,9.928075075149536133e-01,9.866535067558288574e-01,9.913821816444396973e-01,9.884864091873168945e-01,9.859347939491271973e-01,9.821128249168395996e-01,9.928523302078247070e-01,9.833323359489440918e-01,9.967900514602661133e-01,9.987130165100097656e-01,9.946852326393127441e-01,9.905214905738830566e-01,9.900285601615905762e-01,9.771417379379272461e-01,9.976013302803039551e-01,9.915819764137268066e-01,9.984330534934997559e-01,9.931398630142211914e-01,9.958143830299377441e-01,9.913655519485473633e-01,9.846451282501220703e-01,9.931963682174682617e-01,9.863734245300292969e-01,9.951597452163696289e-01,9.884919524192810059e-01
9.861460924148559570e-01,9.921289086341857910e-01,9.951714873313903809e-01,9.908393621444702148e-01,9.970043301582336426e-01,9.955415129661560059e-01,9.874744415283203125e-01,9.963642954826354980e-01,1.000000000000000000e+00,9.944685101509094238e-01,9.910364151000976562e-01,9.955446124076843262e-01,9.906178712844848633e-01,9.926613569259643555e-01,9.919861555099487305e-01,9.965328574180603027e-01,9.896221160888671875e-01,9.915910959243774414e-01,9.941027164459228516e-01,9.948529601097106934e-01,9.982535243034362793e-01,9.968108534812927246e-01,9.924728274345397949e-01,9.926062822341918945e-01,9.910178184509277344e-01,9.960888624191284180e-01,9.946489334106445312e-01,9.946969747543334961e-01,9.920884966850280762e-01,9.965636730194091797e-01,9.976617693901062012e-01,9.932016134262084961e-01,9.945155978202819824e-01,9.962487220764160156e-01,9.926726818084716797e-01,9.887223243713378906e-01,9.967159032821655273e-01,9.968506693840026855e-01,9.978816509246826172e-01,9.896157979965209961e-01,9.884985685348510742e-01,9.903194904327392578e-01,9.903521537780761719e-01,9.905130267143249512e-01,9.970859289169311523e-01,9.985660910606384277e-01,9.945837259292602539e-01,9.864641427993774414e-01,9.923843741416931152e-01,9.899706840515136719e-01,9.924132823944091797e-01,9.801850318908691406e-01,9.963047504425048828e-01,9.957206249237060547e-01,9.956470727920532227e-01,9.950219392776489258e-01,9.943385720252990723e-01,9.988116025924682617e-01,9.967944622039794922e-01,9.871385693550109863e-01,9.907340407371520996e-01,9.944552779197692871e-01,9.911775588989257812e-01,9.949365854263305664e-01,9.820542931556701660e-01,9.938333630561828613e-01,9.901840090751647949e-01,9.898155331611633301e-01,9.861863255500793457e-01,9.969917535781860352e-01,9.879189133644104004e-01,9.970034956932067871e-01,9.985629320144653320e-01,9.977825284004211426e-01,9.869099259376525879e-01,9.917308092117309570e-01,9.805329442024230957e-01,9.979357719421386719e-01,9.947761297225952148e-01,9.973274469375610352e-01,9.955503344535827637e-01,9.914476275444030762e-01,9.928958415985107422e-01,9.881384372711181641e-01,9.957707524299621582e-01,9.892172813415527344e-01,9.951436519622802734e-01,9.912862777709960938e-01
9.921792745590209961e-01,9.936050176620483398e-01,9.913074970245361328e-01,9.932066798210144043e-01,9.940474629402160645e-01,9.952032566070556641e-01,9.909778833389282227e-01,9.944654107093811035e-01,9.944685101509094238e-01,1.000000000000000000e+00,9.946141242980957031e-01,9.979762434959411621e-01,9.881271123886108398e-01,9.900159835815429688e-01,9.942771196365356445e-01,9.965682625770568848e-01,9.949471950531005859e-01,9.936214685440063477e-01,9.972008466720581055e-01,9.934952855110168457e-01,9.937033653259277344e-01,9.940598607063293457e-01,9.947305917739868164e-01,9.962567687034606934e-01,9.959914684295654297e-01,9.924516081809997559e-01,9.907123446464538574e-01,9.926015734672546387e-01,9.909632205963134766e-01,9.915295839309692383e-01,9.937111139297485352e-01,9.965142011642456055e-01,9.948679208755493164e-01,9.929563999176025391e-01,9.953020811080932617e-01,9.964436888694763184e-01,9.944309592247009277e-01,9.960660934448242188e-01,9.906278848648071289e-01,9.961957335472106934e-01,9.895612001419067383e-01,9.872620701789855957e-01,9.943512678146362305e-01,9.886915683746337891e-01,9.899271130561828613e-01,9.929471611976623535e-01,9.961290955543518066e-01,9.909937977790832520e-01,9.911206960678100586e-01,9.919879436492919922e-01,9.896149039268493652e-01,9.884895086288452148e-01,9.922886490821838379e-01,9.938611984252929688e-01,9.982313513755798340e-01,9.945794939994812012e-01,9.982556104660034180e-01,9.908833503723144531e-01,9.946840405464172363e-01,9.907202720642089844e-01,9.965108036994934082e-01,9.968103170394897461e-01,9.938443303108215332e-01,9.932981729507446289e-01,9.909134507179260254e-01,9.914945960044860840e-01,9.968610405921936035e-01,9.938493371009826660e-01,9.928173422813415527e-01,9.949493408203125000e-01,9.925792217254638672e-01,9.925437569618225098e-01,9.948753118515014648e-01,9.913719892501831055e-01,9.885903596878051758e-01,9.966142773628234863e-01,9.897612929344177246e-01,9.931417107582092285e-01,9.944151639938354492e-01,9.930523037910461426e-01,9.930160641670227051e-01,9.926924109458923340e-01,9.868751764297485352e-01,9.931526184082031250e-01,9.968762397766113281e-01,9.946775436401367188e-01,9.928260445594787598e-01,9.965662956237792969e-01
9.783294200897216797e-01,9.931763410568237305e-01,9.920798540115356445e-01,9.812957048416137695e-01,9.948638677597045898e-01,9.920740723609924316e-01,9.931070804595947266e-01,9.957491755485534668e-01,9.910364151000976562e-01,9.946141242980957031e-01,1.000000000000000000e+00,9.901970624923706055e-01,9.904021024703979492e-01,9.905149936676025391e-01,9.836224913597106934e-01,9.901111125946044922e-01,9.819604158401489258e-01,9.820311069488525391e-01,9.944472908973693848e-01,9.844719767570495605e-01,9.926686286926269531e-01,9.928059577941894531e-01,9.841572046279907227e-01,9.886481761932373047e-01,9.856338500976562500e-01,9.938389658927917480e-01,9.830656051635742188e-01,9.935413002967834473e-01,9.947924017906188965e-01,9.919849634170532227e-01,9.941971302032470703e-01,9.876367449760437012e-01,9.930298328399658203e-01,9.910075068473815918e-01,9.920706748962402344e-01,9.845368862152099609e-01,9.951162338256835938e-01,9.899147152900695801e-01,9.899804592132568359e-01,9.839702844619750977e-01,9.774357080459594727e-01,9.832142591476440430e-01,9.828943610191345215e-01,9.842085838317871094e-01,9.848480224609375000e-01,9.893682599067687988e-01,9.883729815483093262e-01,9.773315787315368652e-01,9.900561571121215820e-01,9.845721125602722168e-01,9.884535670280456543e-01,9.711897969245910645e-01,9.900599718093872070e-01,9.948834776878356934e-01,9.894921183586120605e-01,9.900082945823669434e-01,9.897789955139160156e-01,9.889532327651977539e-01,9.946116805076599121e-01,9.955579638481140137e-01,9.877029657363891602e-01,9.977390766143798828e-01,9.834523200988769531e-01,9.875830411911010742e-01,9.873325228691101074e-01,9.848928451538085938e-01,9.851889014244079590e-01,9.827521443367004395e-01,9.783424139022827148e-01,9.873675107955932617e-01,9.802893400192260742e-01,9.922862052917480469e-01,9.950195550918579102e-01,9.888328313827514648e-01,9.886770844459533691e-01,9.865714907646179199e-01,9.743852019309997559e-01,9.930230379104614258e-01,9.869036078453063965e-01,9.923904538154602051e-01,9.864670634269714355e-01,9.972555041313171387e-01,9.870208501815795898e-01,9.805480241775512695e-01,9.892164468765258789e-01,9.863731861114501953e-01,9.941259622573852539e-01,9.856070280075073242e-01
9.941763877868652344e-01,9.914346337318420410e-01,9.910634756088256836e-01,9.955935478210449219e-01,9.933840036392211914e-01,9.941917061805725098e-01,9.884709715843200684e-01,9.927369952201843262e-01,9.955446124076843262e-01,9.979762434959411621e-01,9.901970624923706055e-01,1.000000000000000000e+00,9.881164431571960449e-01,9.898249506950378418e-01,9.975729584693908691e-01,9.966738820075988770e-01,9.972895383834838867e-01,9.965229034423828125e-01,9.965420961380004883e-01,9.966949224472045898e-01,9.949268698692321777e-01,9.952769279479980469e-01,9.982347488403320312e-01,9.970157146453857422e-01,9.972605109214782715e-01,9.918933510780334473e-01,9.919969439506530762e-01,9.924497604370117188e-01,9.878497123718261719e-01,9.913086295127868652e-01,9.927809834480285645e-01,9.982852339744567871e-01,9.927411079406738281e-01,9.920512437820434570e-01,9.966589212417602539e-01,9.977650642395019531e-01,9.928680062294006348e-01,9.982184171676635742e-01,9.933971166610717773e-01,9.976952672004699707e-01,9.928740262985229492e-01,9.879485368728637695e-01,9.956025481224060059e-01,9.889400005340576172e-01,9.927967786788940430e-01,9.938169717788696289e-01,9.967708587646484375e-01,9.926006793975830078e-01,9.919478297233581543e-01,9.916725158691406250e-01,9.921998977661132812e-01,9.917824864387512207e-01,9.919765591621398926e-01,9.932833313941955566e-01,9.990342855453491211e-01,9.941083788871765137e-01,9.981116056442260742e-01,9.914540648460388184e-01,9.930126667022705078e-01,9.872924089431762695e-01,9.969573020935058594e-01,9.933474659919738770e-01,9.970676302909851074e-01,9.946070313453674316e-01,9.846430420875549316e-01,9.927674531936645508e-01,9.973903894424438477e-01,9.957267642021179199e-01,9.934634566307067871e-01,9.982411861419677734e-01,9.959995150566101074e-01,9.931976795196533203e-01,9.942172169685363770e-01,9.933232069015502930e-01,9.856928586959838867e-01,9.977602958679199219e-01,9.913332462310791016e-01,9.939551353454589844e-01,9.984322190284729004e-01,9.920897483825683594e-01,9.928363561630249023e-01,9.907085299491882324e-01,9.852560162544250488e-01,9.966883063316345215e-01,9.993638396263122559e-01,9.951627850532531738e-01,9.922077059745788574e-01,9.982098937034606934e-01
9.777984023094177246e-01,9.908869266510009766e-01,9.955511093139648438e-01,9.810458421707153320e-01,9.944682717323303223e-01,9.854736328125000000e-01,9.959164857864379883e-01,9.926493167877197266e-01,9.906178712844848633e-01,9.881271123886108398e-01,9.904021024703979492e-01,9.881164431571960449e-01,1.000000000000000000e+00,9.955059885978698730e-01,9.803771376609802246e-01,9.900104999542236328e-01,9.803274869918823242e-01,9.849489331245422363e-01,9.886052012443542480e-01,9.875292181968688965e-01,9.915748238563537598e-01,9.937080740928649902e-01,9.852992892265319824e-01,9.859583973884582520e-01,9.815245270729064941e-01,9.871115684509277344e-01,9.858300685882568359e-01,9.960337877273559570e-01,9.931726455688476562e-01,9.952702522277832031e-01,9.908938407897949219e-01,9.870380759239196777e-01,9.921685457229614258e-01,9.911889433860778809e-01,9.919665455818176270e-01,9.812638163566589355e-01,9.930460453033447266e-01,9.870712757110595703e-01,9.948350191116333008e-01,9.818356633186340332e-01,9.799052476882934570e-01,9.914219975471496582e-01,9.781171083450317383e-01,9.950045943260192871e-01,9.923390150070190430e-01,9.913933873176574707e-01,9.871373176574707031e-01,9.782691001892089844e-01,9.882026910781860352e-01,9.783186912536621094e-01,9.945129156112670898e-01,9.703696370124816895e-01,9.907495975494384766e-01,9.942097067832946777e-01,9.888821244239807129e-01,9.819611310958862305e-01,9.831650257110595703e-01,9.882953763008117676e-01,9.919444322586059570e-01,9.908912777900695801e-01,9.821230173110961914e-01,9.894820451736450195e-01,9.831679463386535645e-01,9.839193820953369141e-01,9.708445072174072266e-01,9.876312017440795898e-01,9.828163385391235352e-01,9.803742766380310059e-01,9.766501188278198242e-01,9.903650283813476562e-01,9.766179323196411133e-01,9.897792339324951172e-01,9.922850728034973145e-01,9.907885789871215820e-01,9.837872982025146484e-01,9.851980209350585938e-01,9.709119200706481934e-01,9.944792985916137695e-01,9.899958968162536621e-01,9.932593107223510742e-01,9.844521880149841309e-01,9.964892268180847168e-01,9.815161824226379395e-01,9.792348146438598633e-01,9.899035096168518066e-01,9.826165437698364258e-01,9.966652393341064453e-01,9.840887188911437988e-01
9.792693257331848145e-01,9.951434731483459473e-01,9.990872740745544434e-01,9.804987907409667969e-01,9.924287199974060059e-01,9.885777831077575684e-01,9.968619942665100098e-01,9.956368207931518555e-01,9.926613569259643555e-01,9.900159835815429688e-01,9.905149936676025391e-01,9.898249506950378418e-01,9.955059885978698730e-01,1.000000000000000000e+00,9.828188419342041016e-01,9.940192699432373047e-01,9.821515083312988281e-01,9.849647283554077148e-01,9.866275191307067871e-01,9.852738380432128906e-01,9.921890497207641602e-01,9.940763115882873535e-01,9.866185784339904785e-01,9.822699427604675293e-01,9.826777577400207520e-01,9.925859570503234863e-01,9.859827756881713867e-01,9.991787075996398926e-01,9.960034489631652832e-01,9.952765703201293945e-01,9.898580908775329590e-01,9.872825741767883301e-01,9.928233623504638672e-01,9.954164028167724609e-01,9.884111285209655762e-01,9.838654994964599609e-01,9.925441741943359375e-01,9.878135323524475098e-01,9.953244328498840332e-01,9.840767383575439453e-01,9.797503352165222168e-01,9.952932596206665039e-01,9.788436889648437500e-01,9.956895112991333008e-01,9.922993779182434082e-01,9.922304153442382812e-01,9.863677620887756348e-01,9.815309047698974609e-01,9.880044460296630859e-01,9.830140471458435059e-01,9.966232776641845703e-01,9.727159738540649414e-01,9.950717091560363770e-01,9.970812797546386719e-01,9.900617599487304688e-01,9.853796958923339844e-01,9.862778782844543457e-01,9.907920956611633301e-01,9.939347505569458008e-01,9.846985340118408203e-01,9.844326376914978027e-01,9.904510378837585449e-01,9.835391640663146973e-01,9.837852716445922852e-01,9.759845733642578125e-01,9.907774329185485840e-01,9.862137436866760254e-01,9.780904650688171387e-01,9.761565327644348145e-01,9.908468127250671387e-01,9.782658219337463379e-01,9.953671693801879883e-01,9.944191575050354004e-01,9.907884597778320312e-01,9.815965890884399414e-01,9.871094226837158203e-01,9.699885845184326172e-01,9.957435131072998047e-01,9.898248314857482910e-01,9.945216774940490723e-01,9.850558042526245117e-01,9.941484332084655762e-01,9.892529249191284180e-01,9.805475473403930664e-01,9.914187192916870117e-01,9.801155328750610352e-01,9.955820441246032715e-01,9.850563406944274902e-01
9.965237379074096680e-01,9.843229055404663086e-01,9.846381545066833496e-01,9.977669119834899902e-01,9.877923130989074707e-01,9.920073151588439941e-01,9.814319014549255371e-01,9.871775507926940918e-01,9.919861555099487305e-01,9.942771196365356445e-01,9.836224913597106934e-01,9.975729584693908691e-01,9.803771376609802246e-01,9.828188419342041016e-01,1.000000000000000000e+00,9.936003684997558594e-01,9.974936842918395996e-01,9.970862269401550293e-01,9.952971935272216797e-01,9.961319565773010254e-01,9.922233223915100098e-01,9.905242323875427246e-01,9.988902211189270020e-01,9.962185025215148926e-01,9.976062178611755371e-01,9.870933294296264648e-01,9.931411743164062500e-01,9.862338304519653320e-01,9.810473322868347168e-01,9.849740862846374512e-01,9.900280833244323730e-01,9.972484111785888672e-01,9.883380532264709473e-01,9.859200119972229004e-01,9.946325421333312988e-01,9.968397617340087891e-01,9.882548451423645020e-01,9.972450733184814453e-01,9.886100888252258301e-01,9.970321655273437500e-01,9.964535236358642578e-01,9.790217280387878418e-01,9.970567822456359863e-01,9.810092449188232422e-01,9.900937676429748535e-01,9.910635352134704590e-01,9.960433244705200195e-01,9.949864149093627930e-01,9.844442605972290039e-01,9.880861639976501465e-01,9.847959280014038086e-01,9.946749806404113770e-01,9.852589368820190430e-01,9.872592687606811523e-01,9.960626959800720215e-01,9.930169582366943359e-01,9.972972273826599121e-01,9.882172942161560059e-01,9.874825477600097656e-01,9.832352995872497559e-01,9.981574416160583496e-01,9.892393350601196289e-01,9.985155463218688965e-01,9.922026991844177246e-01,9.816522002220153809e-01,9.886109828948974609e-01,9.959093332290649414e-01,9.969106316566467285e-01,9.949286580085754395e-01,9.959969520568847656e-01,9.986672997474670410e-01,9.882904887199401855e-01,9.885320067405700684e-01,9.912145137786865234e-01,9.834035038948059082e-01,9.979217052459716797e-01,9.941676855087280273e-01,9.904661774635314941e-01,9.963619112968444824e-01,9.876994490623474121e-01,9.918195605278015137e-01,9.839825034141540527e-01,9.814237952232360840e-01,9.979372024536132812e-01,9.966377019882202148e-01,9.962969422340393066e-01,9.841023683547973633e-01,9.977702498435974121e-01
9.910471439361572266e-01,9.944885969161987305e-01,9.956259727478027344e-01,9.918789863586425781e-01,9.943795204162597656e-01,9.961155056953430176e-01,9.910535216331481934e-01,9.955103993415832520e-01,9.965328574180603027e-01,9.965682625770568848e-01,9.901111125946044922e-01,9.966738820075988770e-01,9.900104999542236328e-01,9.940192699432373047e-01,9.936003684997558594e-01,1.000000000000000000e+00,9.936966300010681152e-01,9.930161237716674805e-01,9.937293529510498047e-01,9.935168623924255371e-01,9.943423271179199219e-01,9.943904876708984375e-01,9.950580596923828125e-01,9.925098419189453125e-01,9.940124154090881348e-01,9.938971996307373047e-01,9.941426515579223633e-01,9.949992895126342773e-01,9.901068806648254395e-01,9.951156377792358398e-01,9.944000840187072754e-01,9.947922825813293457e-01,9.953963756561279297e-01,9.974454641342163086e-01,9.929529428482055664e-01,9.934959411621093750e-01,9.944291710853576660e-01,9.951221346855163574e-01,9.943497776985168457e-01,9.937615394592285156e-01,9.925227761268615723e-01,9.920954108238220215e-01,9.900634288787841797e-01,9.933000802993774414e-01,9.953871369361877441e-01,9.971842765808105469e-01,9.949773550033569336e-01,9.912914633750915527e-01,9.918544888496398926e-01,9.919292926788330078e-01,9.937159419059753418e-01,9.871005415916442871e-01,9.961461424827575684e-01,9.958183169364929199e-01,9.974928498268127441e-01,9.934657216072082520e-01,9.950417876243591309e-01,9.950483441352844238e-01,9.949440956115722656e-01,9.860361218452453613e-01,9.948918223381042480e-01,9.939591884613037109e-01,9.913985729217529297e-01,9.937915205955505371e-01,9.860939979553222656e-01,9.953554868698120117e-01,9.953469634056091309e-01,9.904906749725341797e-01,9.900369644165039062e-01,9.970594644546508789e-01,9.908040165901184082e-01,9.958143234252929688e-01,9.956989884376525879e-01,9.939604997634887695e-01,9.888105392456054688e-01,9.955397248268127441e-01,9.848469495773315430e-01,9.957361817359924316e-01,9.951594471931457520e-01,9.953849315643310547e-01,9.956682324409484863e-01,9.917984604835510254e-01,9.921660423278808594e-01,9.923576116561889648e-01,9.978737831115722656e-01,9.900556802749633789e-01,9.938683509826660156e-01,9.954283237457275391e-01
9.980081915855407715e-01,9.867149591445922852e-01,9.834616780281066895e-01,9.968258738517761230e-01,9.856224060058593750e-01,9.885160326957702637e-01,9.826352596282958984e-01,9.844228625297546387e-01,9.896221160888671875e-01,9.949471950531005859e-01,9.819604158401489258e-01,9.972895383834838867e-01,9.803274869918823242e-01,9.821515083312988281e-01,9.974936842918395996e-01,9.936966300010681152e-01,1.000000000000000000e+00,9.958776831626892090e-01,9.930894374847412109e-01,9.949227571487426758e-01,9.887976050376892090e-01,9.888343214988708496e-01,9.982066154479980469e-01,9.951882362365722656e-01,9.968932867050170898e-01,9.854082465171813965e-01,9.900633096694946289e-01,9.846434593200683594e-01,9.796399474143981934e-01,9.836254715919494629e-01,9.859763383865356445e-01,9.968416094779968262e-01,9.868980646133422852e-01,9.861281514167785645e-01,9.932166934013366699e-01,9.983526468276977539e-01,9.860759377479553223e-01,9.950386285781860352e-01,9.855242967605590820e-01,9.991845488548278809e-01,9.942913651466369629e-01,9.833115935325622559e-01,9.953055977821350098e-01,9.853640198707580566e-01,9.884021282196044922e-01,9.887279868125915527e-01,9.946333765983581543e-01,9.938634634017944336e-01,9.839124679565429688e-01,9.869379997253417969e-01,9.845393300056457520e-01,9.975852370262145996e-01,9.865766763687133789e-01,9.864852428436279297e-01,9.970365166664123535e-01,9.901258349418640137e-01,9.968781471252441406e-01,9.856393337249755859e-01,9.864675402641296387e-01,9.799358844757080078e-01,9.963904023170471191e-01,9.879296422004699707e-01,9.962233901023864746e-01,9.904962182044982910e-01,9.830191731452941895e-01,9.874734878540039062e-01,9.985284805297851562e-01,9.954134821891784668e-01,9.965558052062988281e-01,9.952803254127502441e-01,9.973338842391967773e-01,9.865011572837829590e-01,9.862689971923828125e-01,9.889164566993713379e-01,9.794298410415649414e-01,9.975628852844238281e-01,9.949577450752258301e-01,9.872813224792480469e-01,9.954835176467895508e-01,9.846320748329162598e-01,9.904811978340148926e-01,9.829569458961486816e-01,9.799811840057373047e-01,9.984278678894042969e-01,9.968272447586059570e-01,9.945335984230041504e-01,9.847692251205444336e-01,9.989382624626159668e-01
9.960570931434631348e-01,9.827015995979309082e-01,9.854586720466613770e-01,9.973421692848205566e-01,9.890670776367187500e-01,9.885911941528320312e-01,9.841923713684082031e-01,9.873030185699462891e-01,9.915910959243774414e-01,9.936214685440063477e-01,9.820311069488525391e-01,9.965229034423828125e-01,9.849489331245422363e-01,9.849647283554077148e-01,9.970862269401550293e-01,9.930161237716674805e-01,9.958776831626892090e-01,1.000000000000000000e+00,9.927738308906555176e-01,9.967182874679565430e-01,9.911186695098876953e-01,9.912174940109252930e-01,9.982759952545166016e-01,9.958754181861877441e-01,9.961662888526916504e-01,9.825586676597595215e-01,9.948369860649108887e-01,9.871900677680969238e-01,9.819825291633605957e-01,9.868884682655334473e-01,9.891352057456970215e-01,9.968508481979370117e-01,9.897826910018920898e-01,9.853172302246093750e-01,9.951194524765014648e-01,9.967409968376159668e-01,9.884141683578491211e-01,9.946128129959106445e-01,9.891786575317382812e-01,9.965071678161621094e-01,9.954774975776672363e-01,9.825061559677124023e-01,9.963065981864929199e-01,9.858921766281127930e-01,9.923969507217407227e-01,9.918423891067504883e-01,9.964267611503601074e-01,9.975217580795288086e-01,9.820151329040527344e-01,9.871159195899963379e-01,9.853107333183288574e-01,9.939573407173156738e-01,9.852072000503540039e-01,9.858288168907165527e-01,9.960235357284545898e-01,9.914884567260742188e-01,9.960411190986633301e-01,9.874554276466369629e-01,9.869652390480041504e-01,9.847235083580017090e-01,9.955181479454040527e-01,9.887012839317321777e-01,9.981301426887512207e-01,9.900331497192382812e-01,9.766613245010375977e-01,9.896917343139648438e-01,9.962470531463623047e-01,9.965144991874694824e-01,9.960163235664367676e-01,9.966093897819519043e-01,9.969550967216491699e-01,9.858275055885314941e-01,9.883239865303039551e-01,9.901500344276428223e-01,9.832331538200378418e-01,9.983820915222167969e-01,9.941160082817077637e-01,9.896712899208068848e-01,9.965990185737609863e-01,9.890739917755126953e-01,9.916772246360778809e-01,9.842215180397033691e-01,9.784436821937561035e-01,9.962091445922851562e-01,9.959890842437744141e-01,9.972379207611083984e-01,9.850359559059143066e-01,9.967710971832275391e-01
