1.000000000000000000e+00,9.571093521250511049e-01,9.597518340274661108e-01,9.867971109183106826e-01,9.639253437112411671e-01,9.701027475778192244e-01,9.554420596973325353e-01,9.644284038487535016e-01,9.704984081743641688e-01,9.750649829662711987e-01,9.575939077745052597e-01,9.809293003458551263e-01,9.521021485034872889e-01,9.570833728868558543e-01,9.843086004086456509e-01,9.738194831629314319e-01,9.874917941896428353e-01,9.838984595640666297e-01,9.726038711829824157e-01,9.778684943314095435e-01,9.684167514169963464e-01,9.666851662096151987e-01,9.860259109186401139e-01,9.766966382788235812e-01,9.841006802498559747e-01,9.586247455407097551e-01,9.757614897763486894e-01,9.604513002149438483e-01,9.562011149118231357e-01,9.614910653364866500e-01,9.683329707829652078e-01,9.823530092894945387e-01,9.695455853779038069e-01,9.611599510676103186e-01,9.748454017914460756e-01,9.859717457407042307e-01,9.660566828646952597e-01,9.763193315323295263e-01,9.632331007875846174e-01,9.864877958486254483e-01,9.818515618633122388e-01,9.557235411917537338e-01,9.828718907305930008e-01,9.602114571507623930e-01,9.652246028655860899e-01,9.693160475490673056e-01,9.828318612831099532e-01,9.788237107917414637e-01,9.538925653727802212e-01,9.682796234317250228e-01,9.610317583881380354e-01,9.889717867074724333e-01,9.586156077116596563e-01,9.607563277899114906e-01,9.785359970879875524e-01,9.709314256601587756e-01,9.814571590605213336e-01,9.643298949682657106e-01,9.630360855526519659e-01,9.631811580560801778e-01,9.837506762334584653e-01,9.689927155119679725e-01,9.826831198618174446e-01,9.698340919872368016e-01,9.600978246240443603e-01,9.641585647916948165e-01,9.860694055985165241e-01,9.806105701534127972e-01,9.874705551126792269e-01,9.770069033536250558e-01,9.869642977508318316e-01,9.589479248650762955e-01,9.683068060798466492e-01,9.662064604109165122e-01,9.596096847541912833e-01,9.874242099250357674e-01,9.840406337670140058e-01,9.672604018295680728e-01,9.791040603920085905e-01,9.665513233980521646e-01,9.713191971582758599e-01,9.554253584732523841e-01,9.573057179234729652e-01,9.886093364564220165e-01,9.785897747751447495e-01,9.816326362532633576e-01,9.597234022309402146e-01,9.866720634607002438e-01
9.571093521250511049e-01,1.000000000000000000e+00,9.810337283338402825e-01,9.560325163657515946e-01,9.725997631714822234e-01,9.714800224605505408e-01,9.769421235041362284e-01,9.717926521395497952e-01,9.752753035963195316e-01,9.769107923265122340e-01,9.739495721611064472e-01,9.738073827711639652e-01,9.716444294677017979e-01,9.781067254189802496e-01,9.626096452274097715e-01,9.781322978981492611e-01,9.658230337334249294e-01,9.603663962599888748e-01,9.718097809508638996e-01,9.646227591145616342e-01,9.728853313555123616e-01,9.744922946874388092e-01,9.644090424307313336e-01,9.637908124976657387e-01,9.605507311425790506e-01,9.792575988657870045e-01,9.583341001264332748e-01,9.778174436822945070e-01,9.788672094016416247e-01,9.747866785531601463e-01,9.712212801430821774e-01,9.661225263471604485e-01,9.694644863752225339e-01,9.795270589040190323e-01,9.671699689217910789e-01,9.651428265032806486e-01,9.724792026092003994e-01,9.710515133373849306e-01,9.732125417416136459e-01,9.660225117484050328e-01,9.546358729594347503e-01,9.792886099975380843e-01,9.556528353032963663e-01,9.737099048483822683e-01,9.713154912977085553e-01,9.719571007571639054e-01,9.628050979280776689e-01,9.581632698094508793e-01,9.752585755450727811e-01,9.649860079995545847e-01,9.737690422040502503e-01,9.547672818679188156e-01,9.837068651874886216e-01,9.834386375308170614e-01,9.748443753616167218e-01,9.649565825631650773e-01,9.718963698769945703e-01,9.711561908723918002e-01,9.760031724124013097e-01,9.606118449569098772e-01,9.650304375231355536e-01,9.742356292869507328e-01,9.605274798629770405e-01,9.682003918951709309e-01,9.624483934294313370e-01,9.691417481851680726e-01,9.680545517199828920e-01,9.568572930547847299e-01,9.541330170572069891e-01,9.722707528063624371e-01,9.586131649248735842e-01,9.786190616595317193e-01,9.752908971997796828e-01,9.729023008187194232e-01,9.626259276715278812e-01,9.657045449876962007e-01,9.479178924953771679e-01,9.770267356312504203e-01,9.697438827435810316e-01,9.707657873466776222e-01,9.667672785388989887e-01,9.773103183471730793e-01,9.720222160418633406e-01,9.601576839015167897e-01,9.755731657849839866e-01,9.583850127150917997e-01,9.836037068622112134e-01,9.669391231437962642e-01
9.597518340274661108e-01,9.810337283338402825e-01,1.000000000000000000e+00,9.604676400381365609e-01,9.781797002772651961e-01,9.726674351800626006e-01,9.821288430704561145e-01,9.822880405167826456e-01,9.807934302581530206e-01,9.702017621747107690e-01,9.739047090755305058e-01,9.723219585284582633e-01,9.806501613453095789e-01,9.911942087470064777e-01,9.621882124862662922e-01,9.796636932412574605e-01,9.613908454188266894e-01,9.650313906349180515e-01,9.686726140493758797e-01,9.664788261952887982e-01,9.803501896932549364e-01,9.789487005287620391e-01,9.685162801730228255e-01,9.614947941754952154e-01,9.610289051781164549e-01,9.804170120526234378e-01,9.670343609184409717e-01,9.896344555671029442e-01,9.824106263509092551e-01,9.857295294074542857e-01,9.785879024322172715e-01,9.673870667356584407e-01,9.767651162626922456e-01,9.847908985688014205e-01,9.688049677187857700e-01,9.625993749771306618e-01,9.795678191890935249e-01,9.728104887873133544e-01,9.855401245221410145e-01,9.645109698013155652e-01,9.595633931785134685e-01,9.792336424732289712e-01,9.579155679594175687e-01,9.797309475131595891e-01,9.770849054325315697e-01,9.804374454895417035e-01,9.662208283129286590e-01,9.605235047287089545e-01,9.783660742561385293e-01,9.694418823198018842e-01,9.817534528080797962e-01,9.537071229933390404e-01,9.849958181183103845e-01,9.877136665547876504e-01,9.709695558250724945e-01,9.668113055806166756e-01,9.663356231300980204e-01,9.782306959351093623e-01,9.805539404600025488e-01,9.676425086581097457e-01,9.631359366308337444e-01,9.753056147010444876e-01,9.639093560002325312e-01,9.714461691996602033e-01,9.574909503164643620e-01,9.759166176582532160e-01,9.659330350132414589e-01,9.576722457978800174e-01,9.564944426116489540e-01,9.734640511890741976e-01,9.579384275591532605e-01,9.844693144904942406e-01,9.824286918478944974e-01,9.769971400105025294e-01,9.630791697290064235e-01,9.672755989034080848e-01,9.490010000971195181e-01,9.877330888720305957e-01,9.733077051625765863e-01,9.806359759008163035e-01,9.721679801928057030e-01,9.827126213583534664e-01,9.786240643654843252e-01,9.623675906615120068e-01,9.756925138258547570e-01,9.587675968308555507e-01,9.858755879812537426e-01,9.663158144854712139e-01
9.867971109183106826e-01,9.560325163657515946e-01,9.604676400381365609e-01,1.000000000000000000e+00,9.681587723084468244e-01,9.746036154772246274e-01,9.574679231953842073e-01,9.665504495843889599e-01,9.729261908997413055e-01,9.744371918464471705e-01,9.589493893906547717e-01,9.795552792461298397e-01,9.554990063348719476e-01,9.598712080829120419e-01,9.862591873198023329e-01,9.738312718589586803e-01,9.830297495039514999e-01,9.862975775807664158e-01,9.786167087662420716e-01,9.847619650803988156e-01,9.735282329569895365e-01,9.708329686398307068e-01,9.855030216722201475e-01,9.838710500441674167e-01,9.858463508545486365e-01,9.596906103279313482e-01,9.806229446036937025e-01,9.624877850138003899e-01,9.598203292458296065e-01,9.635678396639336674e-01,9.716107083094708274e-01,9.846291565856533090e-01,9.723697210631205845e-01,9.629449100033261599e-01,9.787573776856781649e-01,9.805858617578249170e-01,9.695522678805389427e-01,9.832383967629170218e-01,9.672522821293113582e-01,9.823031108341521156e-01,9.835191812885402118e-01,9.578804898278058255e-01,9.867764296584308203e-01,9.638328142058742998e-01,9.709608984478099725e-01,9.730078464113570691e-01,9.865163587350594954e-01,9.759155038648339442e-01,9.574455151045092594e-01,9.655396493099376309e-01,9.624796307987010247e-01,9.799372591559979417e-01,9.583890212712760093e-01,9.627934593514091421e-01,9.787068483813128328e-01,9.762664663627472761e-01,9.823853718099296861e-01,9.666315028720208202e-01,9.670979105311372503e-01,9.649775749426152682e-01,9.823370924247047942e-01,9.679536478090891016e-01,9.861740830694006865e-01,9.773402865229708913e-01,9.625418607318839692e-01,9.646002133290390024e-01,9.827245497811832875e-01,9.890689602303212036e-01,9.869873697861246686e-01,9.807492044833562295e-01,9.846028603935498280e-01,9.603520922317971831e-01,9.677628647335035916e-01,9.725106901839124518e-01,9.619624230208314586e-01,9.852232602881489942e-01,9.832894335806499075e-01,9.698745743721283175e-01,9.802734747211316879e-01,9.686500193638415412e-01,9.769985623664234620e-01,9.574511865590047410e-01,9.571346955364873343e-01,9.876066611616380886e-01,9.791316656802606655e-01,9.868345357074332913e-01,9.596698337788877042e-01,9.850607502094047563e-01
9.639253437112411671e-01,9.725997631714822234e-01,9.781797002772651961e-01,9.681587723084468244e-01,1.000000000000000000e+00,9.790299117724010625e-01,9.728299107298989945e-01,9.888381272576415304e-01,9.837371596769211024e-01,9.769154079587580863e-01,9.803094135062031533e-01,9.768478738858481503e-01,9.763073723278373750e-01,9.770650879894851037e-01,9.673488151979555694e-01,9.759572317769015237e-01,9.668813030666848496e-01,9.713640544767622176e-01,9.769573764649078784e-01,9.767118677587530717e-01,9.847612260931623007e-01,9.857311530771966090e-01,9.733091030027185564e-01,9.719283896530908073e-01,9.707758758095913487e-01,9.759960628089208168e-01,9.730009513166655299e-01,9.811708354222307138e-01,9.825846934487627582e-01,9.874855454333157923e-01,9.887769962269125079e-01,9.745582697572412467e-01,9.851108057736712720e-01,9.815006287375213079e-01,9.820703290812785591e-01,9.668889555783946044e-01,9.906498446296012617e-01,9.793507348806015367e-01,9.843803452421501232e-01,9.659003973856877812e-01,9.669542205044477923e-01,9.666736694296408361e-01,9.637748742668869051e-01,9.713803299768266619e-01,9.788046308121206573e-01,9.854384674733036587e-01,9.763683033288548252e-01,9.597923096066011128e-01,9.745076813312548714e-01,9.730700504761090608e-01,9.757909246634930422e-01,9.573422631835992735e-01,9.758958724283401942e-01,9.821275841805882090e-01,9.756572072027013265e-01,9.757563842213934358e-01,9.693573008820787207e-01,9.845948232548858980e-01,9.864466569259430218e-01,9.828888794267902629e-01,9.706170176565755980e-01,9.800422131457621200e-01,9.692583428589516270e-01,9.789866409456411400e-01,9.598206948162003593e-01,9.693314934381110914e-01,9.665022627275722256e-01,9.671374801635900242e-01,9.614589528743280322e-01,9.801017543663648190e-01,9.652336997038414301e-01,9.786288919586856316e-01,9.874870158725118641e-01,9.813105557300592086e-01,9.749873374029113249e-01,9.719410788951173830e-01,9.586078425538423486e-01,9.829906512263175689e-01,9.818955350632342371e-01,9.856079140997848764e-01,9.800130590570900191e-01,9.819415186282564045e-01,9.768155285790288689e-01,9.688245582904522202e-01,9.788570861532966960e-01,9.677013393774303029e-01,9.801064008481216172e-01,9.710926202908335414e-01
9.701027475778192244e-01,9.714800224605505408e-01,9.726674351800626006e-01,9.746036154772246274e-01,9.790299117724010625e-01,1.000000000000000000e+00,9.616904633179758077e-01,9.799067944692277932e-01,9.803455495059720803e-01,9.799664079231696912e-01,9.749558185995447213e-01,9.785721518537170427e-01,9.601830040120746812e-01,9.698609316816459991e-01,9.774495244500736035e-01,9.823538569880535531e-01,9.716200862724369003e-01,9.742520826874522255e-01,9.805021225263405027e-01,9.756501661233443201e-01,9.815465604608193395e-01,9.739301452804064452e-01,9.749832392281884141e-01,9.758054144428748300e-01,9.784805851107746255e-01,9.787252879608455691e-01,9.766767553604575047e-01,9.718173101353354548e-01,9.717585978576506189e-01,9.785871208321796910e-01,9.808931894552210817e-01,9.804160808529733817e-01,9.807485297412656955e-01,9.798845401961333579e-01,9.751228961864899514e-01,9.735703974518125081e-01,9.834298357113504530e-01,9.813642911148355852e-01,9.763388356034945481e-01,9.713151838757594358e-01,9.714298189165047059e-01,9.634563503393269723e-01,9.739028220415518744e-01,9.628400202412102926e-01,9.685413369324614719e-01,9.805764165457266923e-01,9.808886209490200736e-01,9.664866265961284952e-01,9.739808964640180866e-01,9.752943080930684960e-01,9.710633990445409758e-01,9.625988867126532567e-01,9.711748460752249734e-01,9.800687646141973408e-01,9.776819631023394574e-01,9.788091423554267090e-01,9.787314474473004511e-01,9.793029547128203616e-01,9.831064750866665980e-01,9.751809346189426186e-01,9.816901581087590367e-01,9.785372573525137341e-01,9.744247033535798908e-01,9.825653783700970534e-01,9.693007089340037741e-01,9.727323951250874678e-01,9.721602094121271076e-01,9.727631526518975003e-01,9.691003132635906958e-01,9.762933150233795709e-01,9.713833887741640805e-01,9.760369045035266478e-01,9.784421026871665816e-01,9.761999503123330868e-01,9.769605634635389890e-01,9.776625842929811405e-01,9.659486868018268835e-01,9.795587746788828598e-01,9.751367230376332129e-01,9.824696307040813315e-01,9.782809828681588993e-01,9.728945533079226271e-01,9.736587206287614649e-01,9.725611427696534417e-01,9.783342129739213133e-01,9.725474812733294616e-01,9.721742005416479371e-01,9.759768702649951333e-01
9.554420596973325353e-01,9.769421235041362284e-01,9.821288430704561145e-01,9.574679231953842073e-01,9.728299107298989945e-01,9.616904633179758077e-01,1.000000000000000000e+00,9.754078777398530464e-01,9.685173116298420037e-01,9.707890308505591204e-01,9.745572230084487142e-01,9.670529043768461008e-01,9.814745420202538595e-01,9.870910711085556510e-01,9.578674975765286703e-01,9.712703328665593938e-01,9.571944851764695450e-01,9.606979084078733910e-01,9.715348473293787812e-01,9.617656629550707104e-01,9.713215640590453503e-01,9.774116080662675898e-01,9.641671490178467252e-01,9.642602550459002941e-01,9.605696629866675718e-01,9.695652127418276089e-01,9.616767657938610769e-01,9.866420135040473438e-01,9.828653166328682467e-01,9.734824848288501364e-01,9.675470570107055357e-01,9.661909721748018764e-01,9.741103496232371706e-01,9.731256683609905700e-01,9.744871430621994124e-01,9.602895807408585727e-01,9.726006328887506491e-01,9.653384425668954938e-01,9.729225603849683823e-01,9.604455232582456148e-01,9.552544650437240215e-01,9.723787583124626765e-01,9.543622675930181209e-01,9.768597388357017630e-01,9.717218732452370666e-01,9.668197326204446274e-01,9.656614980497899570e-01,9.562102652042806517e-01,9.692084155907361165e-01,9.571005559092273796e-01,9.756871300669960334e-01,9.494244924930208551e-01,9.717745763108173174e-01,9.785970871543542282e-01,9.662240469492318073e-01,9.623710783952017511e-01,9.623976276603506408e-01,9.631847661422615614e-01,9.726256709635278108e-01,9.725397064447662832e-01,9.618632491464297329e-01,9.747716746015149258e-01,9.608623991593769897e-01,9.623216706587146563e-01,9.554147638229406603e-01,9.646879417973897031e-01,9.630836571530100310e-01,9.573448752022964969e-01,9.535071347941911357e-01,9.664207696760153121e-01,9.548814814229538150e-01,9.721728493844494778e-01,9.726797660666718359e-01,9.691394432060451702e-01,9.618216879908921824e-01,9.641425720631229268e-01,9.492737943815684476e-01,9.767523241601230310e-01,9.680379944009210869e-01,9.708290214528093598e-01,9.634750376693033136e-01,9.829232395394593702e-01,9.656833346167921217e-01,9.586388605651753325e-01,9.700324078871352951e-01,9.618792476393773772e-01,9.768537944794123407e-01,9.626977757944235048e-01
9.644284038487535016e-01,9.717926521395497952e-01,9.822880405167826456e-01,9.665504495843889599e-01,9.888381272576415304e-01,9.799067944692277932e-01,9.754078777398530464e-01,1.000000000000000000e+00,9.824014507779043059e-01,9.771231092297746335e-01,9.857173365468850923e-01,9.754826170645795047e-01,9.735639405510434496e-01,9.806263567559568850e-01,9.669755740616882145e-01,9.807015163986897432e-01,9.639808225849361145e-01,9.700787120203245850e-01,9.736817384317296709e-01,9.699751720694276269e-01,9.832172487289385643e-01,9.847156055640041705e-01,9.724750504919618121e-01,9.664017052319983092e-01,9.693968563542765260e-01,9.823991141158937568e-01,9.706523777930501362e-01,9.862698362469334290e-01,9.834026545113185858e-01,9.860484579198907085e-01,9.842628912880896364e-01,9.731949454676194211e-01,9.891951044825255668e-01,9.833174670680469021e-01,9.750913404536752926e-01,9.673425122814744981e-01,9.878353965555330962e-01,9.757792233323798747e-01,9.812562226215312267e-01,9.672769808736151331e-01,9.642390447866168168e-01,9.687232126639320207e-01,9.632085576891220580e-01,9.715280032082115325e-01,9.752708744648810324e-01,9.841431728639289389e-01,9.743987858275189318e-01,9.635056889830596605e-01,9.723395358304554037e-01,9.730632284544578070e-01,9.775014363992265976e-01,9.582861873781388651e-01,9.781741819599213406e-01,9.841636808802274317e-01,9.742397456596594285e-01,9.780938571557331596e-01,9.704961719869662495e-01,9.814604063678832313e-01,9.880191651807365139e-01,9.795941299445660722e-01,9.682881732159500654e-01,9.831406360954733081e-01,9.691558421664809853e-01,9.764325479561205556e-01,9.663746454730360869e-01,9.725792551129527341e-01,9.695235119488140318e-01,9.641249984125132011e-01,9.620112596950655126e-01,9.762607787416827110e-01,9.622257591237607377e-01,9.850700871319036933e-01,9.899366079410253372e-01,9.774281720527827622e-01,9.705193326766695661e-01,9.716460061918171798e-01,9.566016328244761890e-01,9.849594925079149244e-01,9.764277601518374095e-01,9.893610658765326082e-01,9.782345211794337692e-01,9.831372707176838643e-01,9.807565555048045614e-01,9.677160213715566561e-01,9.766622722895869080e-01,9.638142780616280048e-01,9.785601743860851132e-01,9.691547379663937312e-01
9.704984081743641688e-01,9.752753035963195316e-01,9.807934302581530206e-01,9.729261908997413055e-01,9.837371596769211024e-01,9.803455495059720803e-01,9.685173116298420037e-01,9.824014507779043059e-01,1.000000000000000000e+00,9.749215253393802572e-01,9.772753689421564971e-01,9.810072593359824289e-01,9.717045481930095541e-01,9.776516605997993548e-01,9.750113315678373693e-01,9.831997007025187196e-01,9.734890623154591749e-01,9.740212938831713796e-01,9.785624077191860115e-01,9.789901789888282302e-01,9.879173600337654015e-01,9.832924533942984935e-01,9.764024414586530698e-01,9.718121093687890344e-01,9.701772371153847274e-01,9.824452896193447415e-01,9.783577002346675044e-01,9.794502406480947165e-01,9.789758204743236325e-01,9.823406154960441228e-01,9.868038968857284488e-01,9.763596795799519557e-01,9.786730142453733405e-01,9.832110867975627500e-01,9.773080865609924395e-01,9.672246010001300798e-01,9.832843154499341098e-01,9.845984330634857118e-01,9.868968473825453502e-01,9.706539207975326544e-01,9.683469749388669001e-01,9.768430504204891340e-01,9.686538082988975784e-01,9.756816849841480899e-01,9.852691448217260062e-01,9.883412621618788974e-01,9.776566236880308569e-01,9.641770720699129882e-01,9.721135557574799302e-01,9.767881066344079599e-01,9.765868941067418207e-01,9.642431138925052769e-01,9.824518958964524318e-01,9.796722492406250149e-01,9.788595762966898484e-01,9.784494092973061719e-01,9.764941374851817679e-01,9.903369237161870897e-01,9.827025394660116042e-01,9.754780348022729086e-01,9.729692028459686615e-01,9.824232840949044254e-01,9.736174046551206995e-01,9.811528929122381726e-01,9.583065933964517447e-01,9.774417072288422714e-01,9.693159215979652021e-01,9.679485431544758711e-01,9.663342612241830887e-01,9.850307026503365426e-01,9.712772081713171302e-01,9.834316557704505524e-01,9.883400257946970413e-01,9.862268359145777152e-01,9.679101592237702167e-01,9.730973420860595802e-01,9.591842506940707613e-01,9.864991124180837456e-01,9.818869479417232649e-01,9.856772128038311376e-01,9.822910585723739763e-01,9.760881286544279556e-01,9.768765767411107248e-01,9.707788826521158709e-01,9.832276306846365888e-01,9.694703047226800319e-01,9.799172931830714139e-01,9.737271011156019007e-01
9.750649829662711987e-01,9.769107923265122340e-01,9.702017621747107690e-01,9.744371918464471705e-01,9.769154079587580863e-01,9.799664079231696912e-01,9.707890308505591204e-01,9.771231092297746335e-01,9.749215253393802572e-01,1.000000000000000000e+00,9.771038368654350048e-01,9.864380627817398439e-01,9.645108904660382176e-01,9.695598012460732162e-01,9.750342895230489360e-01,9.823033407886284651e-01,9.800401706650385680e-01,9.774379364990102292e-01,9.845586551822332888e-01,9.783941048609579028e-01,9.768720599855857945e-01,9.757208141598354700e-01,9.791412342711791617e-01,9.830734905483229369e-01,9.823193815269758433e-01,9.721640113531920813e-01,9.728070884651510708e-01,9.734536475794800525e-01,9.707408168230733381e-01,9.720867907546926201e-01,9.750120975265279544e-01,9.824254070809022021e-01,9.806958917896333450e-01,9.752415526310797000e-01,9.807074793466441509e-01,9.840662453973724189e-01,9.784968222326735354e-01,9.798490110650851515e-01,9.710107488733294989e-01,9.845808169589616021e-01,9.697981710428907887e-01,9.634846902901097465e-01,9.772316368721402080e-01,9.657932985424935168e-01,9.696792675900306469e-01,9.745055031392826361e-01,9.812121612291717643e-01,9.698987183247598232e-01,9.725413767907704621e-01,9.727837283688075543e-01,9.706532407065782131e-01,9.696976937169783373e-01,9.705873078472941895e-01,9.768354141769423071e-01,9.885676830453615782e-01,9.777616134466280418e-01,9.874075243595994422e-01,9.697240991705848856e-01,9.769162403383200299e-01,9.742331175169512969e-01,9.831942698060806007e-01,9.826884900941628143e-01,9.761717834331403720e-01,9.764513231382596636e-01,9.723067301271143270e-01,9.718712334169772316e-01,9.835856704700605135e-01,9.745397447351734632e-01,9.741939025455773615e-01,9.782522356870608782e-01,9.738575588475593126e-01,9.727196539523255137e-01,9.787556307412793588e-01,9.712941537822721294e-01,9.695023914934807197e-01,9.818949699993605451e-01,9.682689983494328079e-01,9.760378007103477360e-01,9.782261850172492279e-01,9.751060239942026531e-01,9.751523289562410435e-01,9.726197952720210260e-01,9.674041547976903743e-01,9.779147582333379551e-01,9.821922008873046339e-01,9.764875462423089347e-01,9.736793477886235282e-01,9.832457484202892228e-01
9.575939077745052597e-01,9.739495721611064472e-01,9.739047090755305058e-01,9.589493893906547717e-01,9.803094135062031533e-01,9.749558185995447213e-01,9.745572230084487142e-01,9.857173365468850923e-01,9.772753689421564971e-01,9.771038368654350048e-01,1.000000000000000000e+00,9.717810839005873724e-01,9.708553780006825562e-01,9.715367837744761648e-01,9.613904508852751940e-01,9.723866418310906923e-01,9.609543354911515012e-01,9.598221768364768591e-01,9.787156783701727036e-01,9.641879344284197684e-01,9.761365487768156601e-01,9.745998721066695403e-01,9.629399712346020657e-01,9.687710062961826241e-01,9.636157284447898208e-01,9.796923284690162159e-01,9.606247312875096922e-01,9.770166373857758213e-01,9.801274961377147710e-01,9.758556927421186966e-01,9.790152276441237422e-01,9.691906726276026118e-01,9.767491602550337770e-01,9.755235297251606541e-01,9.739143413793820425e-01,9.629757136320510336e-01,9.800207232080552222e-01,9.709548576015034627e-01,9.710608743270668919e-01,9.647771483637679335e-01,9.538216983162947082e-01,9.622068790905288216e-01,9.577966120946465045e-01,9.650369705567163336e-01,9.651377145241961664e-01,9.717730344209889459e-01,9.672380967794379503e-01,9.538575333597005823e-01,9.712429198384405771e-01,9.639935708167839401e-01,9.697721200717778212e-01,9.509802114052112731e-01,9.740600296003681935e-01,9.781152662171441747e-01,9.700348004170127325e-01,9.725125964027624414e-01,9.697281496627812025e-01,9.727305853007717218e-01,9.826310838391453251e-01,9.795240086177551264e-01,9.675952398706205715e-01,9.865845694683552658e-01,9.632691717156016686e-01,9.713214780845631502e-01,9.683460919985091842e-01,9.639974938034683305e-01,9.641049576698943469e-01,9.614112419065671267e-01,9.568360631320397269e-01,9.667077731154996023e-01,9.571909236347589944e-01,9.767699595746863750e-01,9.839286583484443405e-01,9.697504505761809224e-01,9.681685025826309854e-01,9.643361177588706257e-01,9.522823468773270461e-01,9.776089426331461274e-01,9.674913038374384211e-01,9.794136129810079305e-01,9.660506814551036436e-01,9.839908481207394475e-01,9.707612933485512130e-01,9.594557331250467280e-01,9.698573127495361268e-01,9.642056143983676053e-01,9.770427992515589022e-01,9.661956317500294267e-01
9.809293003458551263e-01,9.738073827711639652e-01,9.723219585284582633e-01,9.795552792461298397e-01,9.768478738858481503e-01,9.785721518537170427e-01,9.670529043768461008e-01,9.754826170645795047e-01,9.810072593359824289e-01,9.864380627817398439e-01,9.717810839005873724e-01,1.000000000000000000e+00,9.635715082113806007e-01,9.694539293332421481e-01,9.844853028721357591e-01,9.832487921283145083e-01,9.878362844599669623e-01,9.838324871226845625e-01,9.848416034497229354e-01,9.851985658837748572e-01,9.795575494441340902e-01,9.807838700741569049e-01,9.878739858070170188e-01,9.827663780164291873e-01,9.853704140939233413e-01,9.729078046173564864e-01,9.733634681846180525e-01,9.729849721268968299e-01,9.674690248904793677e-01,9.733593285365873538e-01,9.759795174197859469e-01,9.875473867006374640e-01,9.759216146930219660e-01,9.755609685915991314e-01,9.864919989752999330e-01,9.855785157254368656e-01,9.751652505011828564e-01,9.891655317501948375e-01,9.767778335739030204e-01,9.869811693727454927e-01,9.760724194738824577e-01,9.666932016343761092e-01,9.809372543570004099e-01,9.675653618808197631e-01,9.762791563784219973e-01,9.786150677960432365e-01,9.827195734126638049e-01,9.736426417001885492e-01,9.723149339846915984e-01,9.769394149260336446e-01,9.739448059651482081e-01,9.760155925638217544e-01,9.738194716992090161e-01,9.759162385408047813e-01,9.910258368177997657e-01,9.777929300949025349e-01,9.869221974599429181e-01,9.752861131041494769e-01,9.750399559053298804e-01,9.699761461085599779e-01,9.848928451493031977e-01,9.753942787239195944e-01,9.841754858356475122e-01,9.779997943038429842e-01,9.611696869111101549e-01,9.726081764614242786e-01,9.859153134385501005e-01,9.807509403716825336e-01,9.786878742231169825e-01,9.883963799365191871e-01,9.794297069420274671e-01,9.739487053012225726e-01,9.801519736104250535e-01,9.768138286219811839e-01,9.666543048531361926e-01,9.867149266162842380e-01,9.728372047131930156e-01,9.778325029663357260e-01,9.890592179830947073e-01,9.749224071567710315e-01,9.761960016694148923e-01,9.696711307633528731e-01,9.661519775480856831e-01,9.850246025971132191e-01,9.934363930378489194e-01,9.788352858543376556e-01,9.723082014353330305e-01,9.883147121977993166e-01
9.521021485034872889e-01,9.716444294677017979e-01,9.806501613453095789e-01,9.554990063348719476e-01,9.763073723278373750e-01,9.601830040120746812e-01,9.814745420202538595e-01,9.735639405510434496e-01,9.717045481930095541e-01,9.645108904660382176e-01,9.708553780006825562e-01,9.635715082113806007e-01,1.000000000000000000e+00,9.814665890637138679e-01,9.542055290356298292e-01,9.685937257622411201e-01,9.544981346175351877e-01,9.597482679758158053e-01,9.663827750861507804e-01,9.642495943239223211e-01,9.736900402201812410e-01,9.761215788838684126e-01,9.616700571807099696e-01,9.617629220739116747e-01,9.536474716073716218e-01,9.672608750184267246e-01,9.639061216622971662e-01,9.818599362353421789e-01,9.764129327447360618e-01,9.786276985106833193e-01,9.710390044247644292e-01,9.646233511797713822e-01,9.746691029705594200e-01,9.728254761783067250e-01,9.718466923680180169e-01,9.538609636724389995e-01,9.751935619890490514e-01,9.652386673527211247e-01,9.792488672986782161e-01,9.568723409390983425e-01,9.556379783328465827e-01,9.741008593719154840e-01,9.518905693708732407e-01,9.800764478942801672e-01,9.760433826051428952e-01,9.740323108338430069e-01,9.644346889274652002e-01,9.537337808620581781e-01,9.681574561624194386e-01,9.578144420512483270e-01,9.766082295811635561e-01,9.464775823210407335e-01,9.761279477294035889e-01,9.754860386581254428e-01,9.658106493081952681e-01,9.584124595716336792e-01,9.572998771506288085e-01,9.691007560161665202e-01,9.741686320502573881e-01,9.723708331281194495e-01,9.568040543857746494e-01,9.698092438424051887e-01,9.583738662779189843e-01,9.600285320964965230e-01,9.472175435520037157e-01,9.706791740315172667e-01,9.566363352608853177e-01,9.548654523391264526e-01,9.510376512763470958e-01,9.705116742816470854e-01,9.506500569061597794e-01,9.705926563789172290e-01,9.720451488062787915e-01,9.729634410654384169e-01,9.648296652661543238e-01,9.588736633900017958e-01,9.460347191989907367e-01,9.794514013848313327e-01,9.702043563660973646e-01,9.758304583886068251e-01,9.632560811123205280e-01,9.813916802280022722e-01,9.621291446067187225e-01,9.531052068134892030e-01,9.680208119127118316e-01,9.591918069825395854e-01,9.838083604644807245e-01,9.594128958236982641e-01
9.570833728868558543e-01,9.781067254189802496e-01,9.911942087470064777e-01,9.598712080829120419e-01,9.770650879894851037e-01,9.698609316816459991e-01,9.870910711085556510e-01,9.806263567559568850e-01,9.776516605997993548e-01,9.695598012460732162e-01,9.715367837744761648e-01,9.694539293332421481e-01,9.814665890637138679e-01,1.000000000000000000e+00,9.593032958475683492e-01,9.755453536620491972e-01,9.580232183624740605e-01,9.627936160178285352e-01,9.661276112944419125e-01,9.643930090461639848e-01,9.794281050356575813e-01,9.806539696013215623e-01,9.653071063732513446e-01,9.601867903036939156e-01,9.617053669502548807e-01,9.754498630253943814e-01,9.654213588979334570e-01,9.928030912928237361e-01,9.836671076418460613e-01,9.815409764923598290e-01,9.716666538401804720e-01,9.664221206152261434e-01,9.775771033854662173e-01,9.812924933933883098e-01,9.685297301848522222e-01,9.607032058785796025e-01,9.771111781814252328e-01,9.702078367918082202e-01,9.837989957732593549e-01,9.609351756953579127e-01,9.569978035104363956e-01,9.795421958967317488e-01,9.555661681282656694e-01,9.817125383819466089e-01,9.751574871494904651e-01,9.759380712631835486e-01,9.657547905468018001e-01,9.573408149499792463e-01,9.750834938529954199e-01,9.658516272336248321e-01,9.853261623824873805e-01,9.510731589378651485e-01,9.803103678308829894e-01,9.841464868381998299e-01,9.682187391349980077e-01,9.663527381225786028e-01,9.636467544210778335e-01,9.722688224320604755e-01,9.789867812825743254e-01,9.677909154521403545e-01,9.606054804410435466e-01,9.724618417385252345e-01,9.614662650423057011e-01,9.699975088726667805e-01,9.550832392690503658e-01,9.726144980348766511e-01,9.648323107967076151e-01,9.563694420666394302e-01,9.545590264928379698e-01,9.717516887368365941e-01,9.545911673855423940e-01,9.797224375719639777e-01,9.797232215386832976e-01,9.749540496750583873e-01,9.599130677266380918e-01,9.641766842949993643e-01,9.477099926054619594e-01,9.851402478882628211e-01,9.720091036748189639e-01,9.780655159754090278e-01,9.689946715810747735e-01,9.796304506593985773e-01,9.739873356660402326e-01,9.600378682233468020e-01,9.728898618613903704e-01,9.563716327352075330e-01,9.812759789964774493e-01,9.629221183257047345e-01
9.843086004086456509e-01,9.626096452274097715e-01,9.621882124862662922e-01,9.862591873198023329e-01,9.673488151979555694e-01,9.774495244500736035e-01,9.578674975765286703e-01,9.669755740616882145e-01,9.750113315678373693e-01,9.750342895230489360e-01,9.613904508852751940e-01,9.844853028721357591e-01,9.542055290356298292e-01,9.593032958475683492e-01,1.000000000000000000e+00,9.796029340730131318e-01,9.860432529907202648e-01,9.838059176905488146e-01,9.810759794605647954e-01,9.817567562482952814e-01,9.725327617721706286e-01,9.707188815155048944e-01,9.903904110479825329e-01,9.827908199040070736e-01,9.853691426796268304e-01,9.673231774051649356e-01,9.784747026269731141e-01,9.624776121552924835e-01,9.597075362682832012e-01,9.631081022059855279e-01,9.750278890206390825e-01,9.861466249966815978e-01,9.692885156339997588e-01,9.655536674546153497e-01,9.786423593269698573e-01,9.832354481743275088e-01,9.683927401717362660e-01,9.852071192804195965e-01,9.665608888791833442e-01,9.845456358698371213e-01,9.817746474792170552e-01,9.590371446902962171e-01,9.853481540823548768e-01,9.610038788050447867e-01,9.719216612285369594e-01,9.742648606280680523e-01,9.826617729146770452e-01,9.798584384658300950e-01,9.598827483995883147e-01,9.692705076150432975e-01,9.613780404953149450e-01,9.788432275533431870e-01,9.636871680896113013e-01,9.646385559815747746e-01,9.804261600332020432e-01,9.799240537426393560e-01,9.853844013746287933e-01,9.697359947849892858e-01,9.676041615186877776e-01,9.646581456749039329e-01,9.865407959804953775e-01,9.697264351628420709e-01,9.884241149530549331e-01,9.718193550286411408e-01,9.583182568458502582e-01,9.649344528576322411e-01,9.816051636233382727e-01,9.848619033915665399e-01,9.803441831938356499e-01,9.812556444734700234e-01,9.894389818207114384e-01,9.659125857746193589e-01,9.676033940261983268e-01,9.724530303512078921e-01,9.600173681180650398e-01,9.858922586776858177e-01,9.800348144672171857e-01,9.697605998731967381e-01,9.832292741148621618e-01,9.687932069541799196e-01,9.756705356859164402e-01,9.584656166344458494e-01,9.617173333011019842e-01,9.858721202497292557e-01,9.840596089089412857e-01,9.825414136759765826e-01,9.587230239197335191e-01,9.859205334121347031e-01
9.738194831629314319e-01,9.781322978981492611e-01,9.796636932412574605e-01,9.738312718589586803e-01,9.759572317769015237e-01,9.823538569880535531e-01,9.712703328665593938e-01,9.807015163986897432e-01,9.831997007025187196e-01,9.823033407886284651e-01,9.723866418310906923e-01,9.832487921283145083e-01,9.685937257622411201e-01,9.755453536620491972e-01,9.796029340730131318e-01,1.000000000000000000e+00,9.763092632934652348e-01,9.779269261294063487e-01,9.818349122355710668e-01,9.764027967582443734e-01,9.788708603488462945e-01,9.749483079565740562e-01,9.806418542810964034e-01,9.743570229148195150e-01,9.754084803491164246e-01,9.761066412197660913e-01,9.771441839903315385e-01,9.771812106527273389e-01,9.688075021622626348e-01,9.792502935164426603e-01,9.797714815187583692e-01,9.793718007712423068e-01,9.809438105886336690e-01,9.845072521854995040e-01,9.762000519924629582e-01,9.769831570663439768e-01,9.777836053250263948e-01,9.827715811713871874e-01,9.773443480017263152e-01,9.777575183261804082e-01,9.723591584651165576e-01,9.771117327754552662e-01,9.724144046185277945e-01,9.755680879636701164e-01,9.806470872498951330e-01,9.844004565713944110e-01,9.791508747407905444e-01,9.729814175101791918e-01,9.722294014167430776e-01,9.780289054061277465e-01,9.771651744610154733e-01,9.698650720594567121e-01,9.818570015831969977e-01,9.784696505282043377e-01,9.847665784804916500e-01,9.755397312961401335e-01,9.813339215674702354e-01,9.788078767817108838e-01,9.787226381714398959e-01,9.694198122628802095e-01,9.782063814506116728e-01,9.794999625123753662e-01,9.766389932363297444e-01,9.765701012125170832e-01,9.633271042204171186e-01,9.809785253031948482e-01,9.796793378864979696e-01,9.707282870330263824e-01,9.694291771689181880e-01,9.845367277559164965e-01,9.729298686908390836e-01,9.807777353771107709e-01,9.794359073484862899e-01,9.791618426157104871e-01,9.679122478185254730e-01,9.807311269045504432e-01,9.636292469574448960e-01,9.802705284506849637e-01,9.794304914042385457e-01,9.819086360915486589e-01,9.825594675223769947e-01,9.736893291288498675e-01,9.739370668422844268e-01,9.753841457540470827e-01,9.881203737422366018e-01,9.716739845660083974e-01,9.751021406574642558e-01,9.792425355822783617e-01
9.874917941896428353e-01,9.658230337334249294e-01,9.613908454188266894e-01,9.830297495039514999e-01,9.668813030666848496e-01,9.716200862724369003e-01,9.571944851764695450e-01,9.639808225849361145e-01,9.734890623154591749e-01,9.800401706650385680e-01,9.609543354911515012e-01,9.878362844599669623e-01,9.544981346175351877e-01,9.580232183624740605e-01,9.860432529907202648e-01,9.763092632934652348e-01,1.000000000000000000e+00,9.816666783215615144e-01,9.745701131417557894e-01,9.791638311772072889e-01,9.684545826669332946e-01,9.693430286167820098e-01,9.887362126784660088e-01,9.801866473033233884e-01,9.843713724698406331e-01,9.654028882992349292e-01,9.716731579562153387e-01,9.615126270687539556e-01,9.566615915916716339e-01,9.634072730587082134e-01,9.668627585765603438e-01,9.864281954906580774e-01,9.687554742077788550e-01,9.654474780022792579e-01,9.767383001829317291e-01,9.881351526202870605e-01,9.665219056791573005e-01,9.798343023868612001e-01,9.658814718782060549e-01,9.923467833745309719e-01,9.791011189493832312e-01,9.603730615762865463e-01,9.804163189852126425e-01,9.623235103019119885e-01,9.694076788571415193e-01,9.723770268100763170e-01,9.799594119705854478e-01,9.763569903662790983e-01,9.614576572977179270e-01,9.680212978787585687e-01,9.629470507326165496e-01,9.854906954838618116e-01,9.662273335543859476e-01,9.649343608343161627e-01,9.856373071824446885e-01,9.751370582602361115e-01,9.853825722687009625e-01,9.682503373569509852e-01,9.655675118509466914e-01,9.610319454137444817e-01,9.838875840707093090e-01,9.691408819941372821e-01,9.815861891498731673e-01,9.696656014938712653e-01,9.604373561476836629e-01,9.633442424401962301e-01,9.877650668146361612e-01,9.796551460754134855e-01,9.836373138056324628e-01,9.810486582179203108e-01,9.842460539597586155e-01,9.663555596191834018e-01,9.686755091506331627e-01,9.670957442898029388e-01,9.585876630939227372e-01,9.855597023598028361e-01,9.799570993701374189e-01,9.663831968688478824e-01,9.823487961316497152e-01,9.635764937251364293e-01,9.723506251856680604e-01,9.587595285653220945e-01,9.588944311325057202e-01,9.886255588370201908e-01,9.842233658730284995e-01,9.763824647216035046e-01,9.627770432335061024e-01,9.911435739436392778e-01
9.838984595640666297e-01,9.603663962599888748e-01,9.650313906349180515e-01,9.862975775807664158e-01,9.713640544767622176e-01,9.742520826874522255e-01,9.606979084078733910e-01,9.700787120203245850e-01,9.740212938831713796e-01,9.774379364990102292e-01,9.598221768364768591e-01,9.838324871226845625e-01,9.597482679758158053e-01,9.627936160178285352e-01,9.838059176905488146e-01,9.779269261294063487e-01,9.816666783215615144e-01,1.000000000000000000e+00,9.759713159461850251e-01,9.861117103489338565e-01,9.727656865786853402e-01,9.736855033764438838e-01,9.887363600116537699e-01,9.808057042715020435e-01,9.818404569106485846e-01,9.613742189927430015e-01,9.809492999479731967e-01,9.657347045580298994e-01,9.594684755579256930e-01,9.678529847372255857e-01,9.724383041649057313e-01,9.845676548961338481e-01,9.744909466977432766e-01,9.664120520520890212e-01,9.811462782643280978e-01,9.845806023164400678e-01,9.703950195055552896e-01,9.809217037816714280e-01,9.710118272624868041e-01,9.819858215814756264e-01,9.830759521587024707e-01,9.611204363800407435e-01,9.860094632010989457e-01,9.654433996419682362e-01,9.736608288823279667e-01,9.777880334832237397e-01,9.856581778299056129e-01,9.854602831161649590e-01,9.579328735509335946e-01,9.709788215439859593e-01,9.660218328871796878e-01,9.787371481497043613e-01,9.620108541556005033e-01,9.660414100775367441e-01,9.836504204847440480e-01,9.743737864649955061e-01,9.813368705953263715e-01,9.689764416090335120e-01,9.666706152355728499e-01,9.680538047866813489e-01,9.820359720045948038e-01,9.704875604793046229e-01,9.888170848091232257e-01,9.731895930370573211e-01,9.561324257545638083e-01,9.705132880697715514e-01,9.814858315003700540e-01,9.823498341225466168e-01,9.820956402072322788e-01,9.858399174250963570e-01,9.826676624135082250e-01,9.638098986815790692e-01,9.715979094392482862e-01,9.712284821775236665e-01,9.637517444175918158e-01,9.889599441160213944e-01,9.758819100444902084e-01,9.716041440932897677e-01,9.840830133685591896e-01,9.712693575278191771e-01,9.771501986944666207e-01,9.606811153110248469e-01,9.625379640358618927e-01,9.842701627516441398e-01,9.835702584760723788e-01,9.864357744327746369e-01,9.631098797756315610e-01,9.852363889804028885e-01
